times:
  edit-metadata: 1.2233859123662114
  landing: 0.0654345415532589
  view-data: 0.3197405459359288
