times:
  edit-metadata: 1.294185639359057
  landing: 0.06992191076278687
  view-data: 0.31696106866002083
