times:
  edit-metadata: 1.251726945862174
  landing: 0.0770115926861763
  view-data: 0.32086511980742216
