times:
  edit-metadata: 1.2344848336651921
  landing: 0.06716334633529186
  view-data: 0.33002940472215414
