times:
  edit-metadata: 1.2431913278996944
  landing: 0.06497140973806381
  view-data: 0.30611019395291805
