times:
  edit-metadata: 1.2157028000801802
  landing: 0.07710019592195749
  view-data: 0.320189974270761
