times:
  edit-metadata: 1.3390584299340844
  landing: 0.06366261560469866
  view-data: 0.3253500945866108
