times:
  edit-metadata: 3.1635537343099713
  landing: 0.06715510971844196
  view-data: 0.31356048583984375
