times:
  edit-metadata: 3.2174286944791675
  landing: 0.05719288345426321
  view-data: 0.3190216915681958
