times:
  edit-metadata: 3.1791326934471726
  landing: 0.06345470994710922
  view-data: 0.3142558289691806
