times:
  edit-metadata: 3.1924134846776724
  landing: 0.06225193664431572
  view-data: 0.3266414161771536
