times:
  edit-metadata: 3.1516255727037787
  landing: 0.061063600704073906
  view-data: 0.322332801297307
