times:
  edit-metadata: 3.23567184060812
  landing: 0.07424992881715298
  view-data: 0.3250374011695385
