times:
  edit-metadata: 3.322369475848973
  landing: 0.06827043369412422
  view-data: 0.319584789685905
