times:
  edit-metadata: 3.1751773059368134
  landing: 0.0675381375476718
  view-data: 0.3326076986268163
