times:
  edit-metadata: 3.2829526579007506
  landing: 0.06253905408084393
  view-data: 0.31036938447505236
