times:
  edit-metadata: 3.156623460352421
  landing: 0.06447616871446371
  view-data: 0.3176081543788314
