times:
  edit-metadata: 3.1737400591373444
  landing: 0.08012918196618557
  view-data: 0.3204836808145046
