times:
  edit-metadata: 3.161372834816575
  landing: 0.07630136143416166
  view-data: 0.3435756042599678
