times:
  edit-metadata: 3.129130627028644
  landing: 0.06137834116816521
  view-data: 0.3161375969648361
