times:
  edit-metadata: 3.2011119164526463
  landing: 0.07535864505916834
  view-data: 0.32676507718861103
