times:
  edit-metadata: 1.6851177671924233
  landing: 0.0638828668743372
  view-data: 0.32158112712204456
