times:
  edit-metadata: 1.693647500127554
  landing: 0.06140968017280102
  view-data: 0.34873360861092806
