times:
  edit-metadata: 1.7012764597311616
  landing: 0.05985921900719404
  view-data: 0.3144560633227229
