times:
  edit-metadata: 1.6956645445898175
  landing: 0.0621027834713459
  view-data: 0.3224282441660762
