times:
  edit-metadata: 1.6956626726314425
  landing: 0.06419302802532911
  view-data: 0.32209831941872835
