times:
  edit-metadata: 1.6995843145996332
  landing: 0.059239983558654785
  view-data: 0.3244685335084796
