times:
  edit-metadata: 1.68937302287668
  landing: 0.06042321119457483
  view-data: 0.31400588247925043
