times:
  edit-metadata: 1.2381204841658473
  landing: 0.06609509699046612
  view-data: 0.333288561552763
