times:
  edit-metadata: 1.2259428780525923
  landing: 0.06360187102109194
  view-data: 0.31891519110649824
