times:
  edit-metadata: 1.225831562653184
  landing: 0.07034909445792437
  view-data: 0.3371901074424386
