times:
  edit-metadata: 1.236611851491034
  landing: 0.060606793500483036
  view-data: 0.3153226915746927
