times:
  edit-metadata: 1.2670335629954934
  landing: 0.06926215626299381
  view-data: 0.32652293238788843
