times:
  edit-metadata: 1.2617356209084392
  landing: 0.061297896318137646
  view-data: 0.3183049438521266
