times:
  edit-metadata: 1.2912389375269413
  landing: 0.05753401853144169
  view-data: 0.3104830412194133
