times:
  edit-metadata: 1.2043605195358396
  landing: 0.0633313087746501
  view-data: 0.31470019090920687
