times:
  edit-metadata: 1.2666232138872147
  landing: 0.059846953488886356
  view-data: 0.3293962785974145
