times:
  edit-metadata: 1.2249612407758832
  landing: 0.06649041641503572
  view-data: 0.318970762193203
