times:
  edit-metadata: 1.2347221402451396
  landing: 0.06398407742381096
  view-data: 0.3245249930769205
