times:
  edit-metadata: 1.2579112742096186
  landing: 0.06019885651767254
  view-data: 0.3299540504813194
