times:
  edit-metadata: 1.2746512619778514
  landing: 0.06181601155549288
  view-data: 0.319321527145803
