times:
  edit-metadata: 1.2666386077180505
  landing: 0.07124264352023602
  view-data: 0.31728134863078594
