times:
  edit-metadata: 1.4747135285288095
  landing: 0.060382177121937275
  view-data: 0.3437574412673712
