times:
  edit-metadata: 1.36461993586272
  landing: 0.05757998116314411
  view-data: 0.310684060677886
