times:
  edit-metadata: 1.3446947857737541
  landing: 0.07400574255734682
  view-data: 0.3268874064087868
