times:
  edit-metadata: 1.3939134497195482
  landing: 0.06549524143338203
  view-data: 0.3134580757468939
