times:
  edit-metadata: 1.4040516773238778
  landing: 0.06782944966107607
  view-data: 0.32220738381147385
