times:
  edit-metadata: 1.3875783877447248
  landing: 0.07001805957406759
  view-data: 0.3107560994103551
