times:
  edit-metadata: 1.4064223458990455
  landing: 0.07478662580251694
  view-data: 0.3127608085051179
