times:
  edit-metadata: 1.4032964035868645
  landing: 0.06922875717282295
  view-data: 0.31754640862345695
