times:
  edit-metadata: 1.3906224174425006
  landing: 0.06157756131142378
  view-data: 0.29819085262715816
