times:
  edit-metadata: 1.3841175064444542
  landing: 0.06232418306171894
  view-data: 0.31821577437222004
