times:
  edit-metadata: 1.3810615092515945
  landing: 0.07459272257983685
  view-data: 0.296609990298748
