times:
  edit-metadata: 1.3892331533133984
  landing: 0.07591944467276335
  view-data: 0.31340648140758276
