times:
  edit-metadata: 1.3564050877466798
  landing: 0.06505324505269527
  view-data: 0.3254800830036402
