times:
  edit-metadata: 1.3835157994180918
  landing: 0.05882199481129646
  view-data: 0.3192146634683013
