times:
  edit-metadata: 1.2211235100403428
  landing: 0.06398981250822544
  view-data: 0.32083402667194605
