times:
  edit-metadata: 1.2323557082563639
  landing: 0.06584443803876638
  view-data: 0.31136355083435774
