times:
  edit-metadata: 1.2133766571059823
  landing: 0.07358547020703554
  view-data: 0.3239768836647272
