times:
  edit-metadata: 1.2652641329914331
  landing: 0.06005031894892454
  view-data: 0.3456938024610281
