times:
  edit-metadata: 1.2071128627285361
  landing: 0.060730175115168095
  view-data: 0.3302463600412011
