times:
  edit-metadata: 1.2171818064525723
  landing: 0.06893478147685528
  view-data: 0.3095465572550893
