times:
  edit-metadata: 1.2581430207937956
  landing: 0.06141452770680189
  view-data: 0.3102713953703642
