times:
  edit-metadata: 1.3149254275485873
  landing: 0.05793420784175396
  view-data: 0.3110948232933879
