times:
  edit-metadata: 1.3515461552888155
  landing: 0.07498661708086729
  view-data: 0.32048325054347515
