times:
  edit-metadata: 1.3196439435705543
  landing: 0.07275675423443317
  view-data: 0.3391619184985757
