times:
  edit-metadata: 1.399718382395804
  landing: 0.07925717998296022
  view-data: 0.30023877415806055
