times:
  edit-metadata: 1.375188734382391
  landing: 0.06494072172790766
  view-data: 0.30685481056571007
