times:
  edit-metadata: 1.4919831091538072
  landing: 0.07335066329687834
  view-data: 0.3257884941995144
