times:
  edit-metadata: 1.355493662878871
  landing: 0.05954568553715944
  view-data: 0.3085809014737606
