times:
  edit-metadata: 1.344578587450087
  landing: 0.06891078501939774
  view-data: 0.32445961609482765
