times:
  edit-metadata: 1.3447618950158358
  landing: 0.06213460769504309
  view-data: 0.33055395167320967
