times:
  edit-metadata: 1.3905924409627914
  landing: 0.06836934760212898
  view-data: 0.3144347155466676
