times:
  edit-metadata: 1.3423297815024853
  landing: 0.06010731030255556
  view-data: 0.33114874735474586
