times:
  edit-metadata: 1.3574568592011929
  landing: 0.06623095087707043
  view-data: 0.31926262844353914
