times:
  edit-metadata: 1.3580026039853692
  landing: 0.07507457211613655
  view-data: 0.31897491682320833
