times:
  edit-metadata: 1.3471196936443448
  landing: 0.07073607016354799
  view-data: 0.3219122840091586
