times:
  edit-metadata: 1.8040502965450287
  landing: 0.0676640123128891
  view-data: 0.3332721684128046
