times:
  edit-metadata: 1.8352346727624536
  landing: 0.06758945994079113
  view-data: 0.3232216704636812
