times:
  edit-metadata: 1.7859851997345686
  landing: 0.0675412742421031
  view-data: 0.3256595525890589
