times:
  edit-metadata: 1.8886222559958696
  landing: 0.05732734967023134
  view-data: 0.3255783198401332
