times:
  edit-metadata: 1.7476535774767399
  landing: 0.0682342704385519
  view-data: 0.32293648459017277
