times:
  edit-metadata: 1.7937102625146508
  landing: 0.055381336249411106
  view-data: 0.3210259675979614
