times:
  edit-metadata: 1.7684619575738907
  landing: 0.06456698570400476
  view-data: 0.300932046957314
