times:
  edit-metadata: 1.2542791543528438
  landing: 0.06033810414373875
  view-data: 0.3141234563663602
