times:
  edit-metadata: 1.2398309400305152
  landing: 0.057600824162364006
  view-data: 0.31827752478420734
