times:
  edit-metadata: 1.2572272596880794
  landing: 0.06810843292623758
  view-data: 0.32234582863748074
