times:
  edit-metadata: 1.21693329885602
  landing: 0.06950526777654886
  view-data: 0.3175859600305557
