times:
  edit-metadata: 1.3240754855796695
  landing: 0.06629261840134859
  view-data: 0.3229682268574834
