times:
  edit-metadata: 1.2513991463929415
  landing: 0.06004446465522051
  view-data: 0.321069685742259
