times:
  edit-metadata: 1.2803280940279365
  landing: 0.07419086061418056
  view-data: 0.32573816645890474
