times:
  edit-metadata: 1.2459632232785225
  landing: 0.06985028181225061
  view-data: 0.34309390280395746
