times:
  edit-metadata: 1.2195627195760608
  landing: 0.07222597673535347
  view-data: 0.3159122122451663
