times:
  edit-metadata: 1.250565504655242
  landing: 0.06392782181501389
  view-data: 0.3118726098909974
