times:
  edit-metadata: 1.293293154798448
  landing: 0.07111796457320452
  view-data: 0.33981918916106224
