times:
  edit-metadata: 1.2789131673052907
  landing: 0.06195579096674919
  view-data: 0.36410803999751806
