times:
  edit-metadata: 1.2620963426306844
  landing: 0.05567080248147249
  view-data: 0.3352335635572672
