times:
  edit-metadata: 1.261456660926342
  landing: 0.07620033621788025
  view-data: 0.31489773467183113
