times:
  edit-metadata: 1.2436562925577164
  landing: 0.06104946509003639
  view-data: 0.341622413136065
