times:
  edit-metadata: 1.2597976149991155
  landing: 0.058206239715218544
  view-data: 0.32815680745989084
