times:
  edit-metadata: 1.2350462451577187
  landing: 0.07522071059793234
  view-data: 0.3108561672270298
