times:
  edit-metadata: 1.2651844583451748
  landing: 0.06862363778054714
  view-data: 0.3202897338196635
