times:
  edit-metadata: 1.2431604461744428
  landing: 0.05965902376919985
  view-data: 0.3177788592875004
