times:
  edit-metadata: 1.2514787297695875
  landing: 0.0742926113307476
  view-data: 0.3059633709490299
