times:
  edit-metadata: 1.2520894668996334
  landing: 0.0704127149656415
  view-data: 0.3289145426824689
