times:
  edit-metadata: 1.2198644196614623
  landing: 0.06176473945379257
  view-data: 0.3191805398091674
