times:
  edit-metadata: 1.2397892316803336
  landing: 0.06450621504336596
  view-data: 0.31620148103684187
