times:
  edit-metadata: 1.273514456115663
  landing: 0.06372180953621864
  view-data: 0.32186015974730253
