times:
  edit-metadata: 1.31386751960963
  landing: 0.06859632302075624
  view-data: 0.30842165648937225
