times:
  edit-metadata: 1.2519511450082064
  landing: 0.06427920237183571
  view-data: 0.31079863384366035
