times:
  edit-metadata: 1.2582716392353177
  landing: 0.06264531705528498
  view-data: 0.3466667551547289
