times:
  edit-metadata: 1.2811688343062997
  landing: 0.06463891640305519
  view-data: 0.32704262528568506
