times:
  edit-metadata: 1.2360133565962315
  landing: 0.07351137232035398
  view-data: 0.33037986140698195
