times:
  edit-metadata: 1.2791119078174233
  landing: 0.05739035177975893
  view-data: 0.3145227553322911
