times:
  edit-metadata: 1.2443304574117064
  landing: 0.07234211824834347
  view-data: 0.3137428183108568
