times:
  edit-metadata: 1.2659865161404014
  landing: 0.07654726598411798
  view-data: 0.31760737113654613
