times:
  edit-metadata: 1.2163348570466042
  landing: 0.0685869250446558
  view-data: 0.33238237630575895
