times:
  edit-metadata: 1.2269583558663726
  landing: 0.06503669265657663
  view-data: 0.3193602990359068
