times:
  edit-metadata: 1.2691303631290793
  landing: 0.0593352522701025
  view-data: 0.3222201121971011
