times:
  edit-metadata: 2.0518820388242602
  landing: 0.06814651098102331
  view-data: 0.32166808377951384
