times:
  edit-metadata: 2.032826706767082
  landing: 0.06810858100652695
  view-data: 0.341074176132679
