times:
  edit-metadata: 2.016369760967791
  landing: 0.05869351979345083
  view-data: 0.3408090500161052
