times:
  edit-metadata: 2.0532667320221663
  landing: 0.06812117714434862
  view-data: 0.32262534461915493
