times:
  edit-metadata: 2.170075997710228
  landing: 0.05967292468994856
  view-data: 0.34497481770813465
