times:
  edit-metadata: 2.0675654243677855
  landing: 0.055285289883613586
  view-data: 0.3257808433845639
