times:
  edit-metadata: 2.0523117668926716
  landing: 0.058884620666503906
  view-data: 0.31160267628729343
