times:
  edit-metadata: 1.747572809457779
  landing: 0.06547587178647518
  view-data: 0.3023836053907871
