times:
  edit-metadata: 1.7596322428435087
  landing: 0.06557935196906328
  view-data: 0.31151082646101713
