times:
  edit-metadata: 1.7465619929134846
  landing: 0.06295396853238344
  view-data: 0.32257609628140926
