times:
  edit-metadata: 1.8364587677642703
  landing: 0.07028745859861374
  view-data: 0.32700536865741014
