times:
  edit-metadata: 1.8072580583393574
  landing: 0.04493074491620064
  view-data: 0.3355231937021017
