times:
  edit-metadata: 1.7965039880946279
  landing: 0.06840967759490013
  view-data: 0.31633117608726025
