times:
  edit-metadata: 1.7575997291132808
  landing: 0.08115416392683983
  view-data: 0.34376046247780323
