times:
  edit-metadata: 1.4104764061048627
  landing: 0.04518425092101097
  view-data: 0.304594443179667
