times:
  edit-metadata: 1.433290191926062
  landing: 0.06310291308909655
  view-data: 0.31592466682195663
