times:
  edit-metadata: 1.4701098138466477
  landing: 0.06253417022526264
  view-data: 0.3063664576038718
