times:
  edit-metadata: 1.435273646377027
  landing: 0.0696072019636631
  view-data: 0.3150776606053114
