times:
  edit-metadata: 1.4736582962796092
  landing: 0.060063003562390804
  view-data: 0.3280339576303959
