times:
  edit-metadata: 1.4640251398086548
  landing: 0.06321401987224817
  view-data: 0.3190837213769555
