times:
  edit-metadata: 1.4740096973255277
  landing: 0.06436752714216709
  view-data: 0.3115096464753151
