times:
  edit-metadata: 1.3106600102037191
  landing: 0.0550581905990839
  view-data: 0.3156926827505231
