times:
  edit-metadata: 1.3404043931514025
  landing: 0.04960168059915304
  view-data: 0.3372956048697233
