times:
  edit-metadata: 1.34821898303926
  landing: 0.0578890535980463
  view-data: 0.3300783149898052
