times:
  edit-metadata: 1.373784163966775
  landing: 0.06335767824202776
  view-data: 0.325482408516109
