times:
  edit-metadata: 1.3472035164013505
  landing: 0.05957695655524731
  view-data: 0.3200214980170131
