times:
  edit-metadata: 1.3501637550070882
  landing: 0.07793995086103678
  view-data: 0.3278019595891237
