times:
  edit-metadata: 1.3817868754267693
  landing: 0.07083004433661699
  view-data: 0.3035857053473592
