times:
  edit-metadata: 1.2036277810111642
  landing: 0.0739934565499425
  view-data: 0.30775781348347664
