times:
  edit-metadata: 1.1991733191534877
  landing: 0.06711098831146955
  view-data: 0.326536119915545
