times:
  edit-metadata: 1.200667953118682
  landing: 0.06949609238654375
  view-data: 0.3174401791766286
