times:
  edit-metadata: 1.1744816061109304
  landing: 0.06667014211416245
  view-data: 0.3197478484362364
