times:
  edit-metadata: 1.2205255748704076
  landing: 0.056557634845376015
  view-data: 0.31616908591240644
