times:
  edit-metadata: 1.2533516921103
  landing: 0.07550359517335892
  view-data: 0.33935622312128544
