times:
  edit-metadata: 1.2511867629364133
  landing: 0.06122720893472433
  view-data: 0.31653454154729843
