times:
  edit-metadata: 1.7894488535821438
  landing: 0.08306255657225847
  view-data: 0.3323193918913603
