times:
  edit-metadata: 1.8854932328686118
  landing: 0.06099910754710436
  view-data: 0.3432413376867771
