times:
  edit-metadata: 1.80272186268121
  landing: 0.07106037996709347
  view-data: 0.31285652983933687
