times:
  edit-metadata: 1.806443851441145
  landing: 0.07399188913404942
  view-data: 0.31033288035541773
