times:
  edit-metadata: 1.8091953806579113
  landing: 0.060845511965453625
  view-data: 0.32577437441796064
