times:
  edit-metadata: 1.7957339510321617
  landing: 0.05374008323997259
  view-data: 0.32342127431184053
