times:
  edit-metadata: 1.8155678352341056
  landing: 0.07204031758010387
  view-data: 0.31037329137325287
