times:
  edit-metadata: 1.2157053025439382
  landing: 0.06073866784572601
  view-data: 0.31744598783552647
