times:
  edit-metadata: 1.2420087279751897
  landing: 0.06866142526268959
  view-data: 0.3228982677683234
