times:
  edit-metadata: 1.2181078810244799
  landing: 0.07239827048033476
  view-data: 0.33801686484366655
