times:
  edit-metadata: 1.203619440086186
  landing: 0.06605154182761908
  view-data: 0.3199996314942837
