times:
  edit-metadata: 1.259657378308475
  landing: 0.07058047037571669
  view-data: 0.31758895982056856
