times:
  edit-metadata: 1.1946590645238757
  landing: 0.0734140994027257
  view-data: 0.32316054590046406
