times:
  edit-metadata: 1.229729302227497
  landing: 0.06995981466025114
  view-data: 0.3294273503124714
