times:
  edit-metadata: 1.1584745217114687
  landing: 0.06979458592832088
  view-data: 0.3222976000979543
