times:
  edit-metadata: 1.2185017745941877
  landing: 0.06526886019855738
  view-data: 0.32154702953994274
