times:
  edit-metadata: 1.1650512823835015
  landing: 0.07267194893211126
  view-data: 0.3257598001509905
