times:
  edit-metadata: 1.143655365332961
  landing: 0.0641482537612319
  view-data: 0.3350493982434273
