times:
  edit-metadata: 1.160666761919856
  landing: 0.06954357121139765
  view-data: 0.3042533127591014
