times:
  edit-metadata: 1.1541189337149262
  landing: 0.0707037253305316
  view-data: 0.31382948998361826
