times:
  edit-metadata: 1.168854646384716
  landing: 0.08021064568310976
  view-data: 0.32737797778099775
