times:
  edit-metadata: 1.1768013518303633
  landing: 0.07327916193753481
  view-data: 0.3277103239670396
