times:
  edit-metadata: 1.1837410563603044
  landing: 0.07496595941483974
  view-data: 0.30487831868231297
