times:
  edit-metadata: 1.1722042318433523
  landing: 0.06947427988052368
  view-data: 0.3215115871280432
