times:
  edit-metadata: 1.2296276856213808
  landing: 0.05633573420345783
  view-data: 0.31751416996121407
