times:
  edit-metadata: 1.2440482629463077
  landing: 0.06686442997306585
  view-data: 0.3480106173083186
