times:
  edit-metadata: 1.1812903406098485
  landing: 0.06505718361586332
  view-data: 0.3156460588797927
