times:
  edit-metadata: 1.5853096693754196
  landing: 0.061349534429609776
  view-data: 0.31448162347078323
