times:
  edit-metadata: 1.5689598303288221
  landing: 0.0615529241040349
  view-data: 0.3273924784734845
