times:
  edit-metadata: 1.5367494160309434
  landing: 0.05743283685296774
  view-data: 0.3253923151642084
