times:
  edit-metadata: 1.579486921429634
  landing: 0.05293705314397812
  view-data: 0.3317502345889807
