times:
  edit-metadata: 1.7100881049409509
  landing: 0.061783239245414734
  view-data: 0.3134459536522627
