times:
  edit-metadata: 1.5627057142555714
  landing: 0.07522721122950315
  view-data: 0.3208791334182024
