times:
  edit-metadata: 1.576934370212257
  landing: 0.0724388686940074
  view-data: 0.3296552486717701
