times:
  edit-metadata: 1.315344387665391
  landing: 0.07400304730981588
  view-data: 0.32617585361003876
