times:
  edit-metadata: 1.2971079926937819
  landing: 0.06425204873085022
  view-data: 0.32067735213786364
