times:
  edit-metadata: 1.3244620403274894
  landing: 0.06515071541070938
  view-data: 0.31400023959577084
