times:
  edit-metadata: 1.30277387984097
  landing: 0.06076150294393301
  view-data: 0.3169879838824272
