times:
  edit-metadata: 1.3621539324522018
  landing: 0.08574149757623672
  view-data: 0.3408247446641326
