times:
  edit-metadata: 1.3088709814473987
  landing: 0.0691187409684062
  view-data: 0.3191633736714721
