times:
  edit-metadata: 1.335435395129025
  landing: 0.07840857468545437
  view-data: 0.31731638591736555
