times:
  edit-metadata: 1.337151543237269
  landing: 0.06863951683044434
  view-data: 0.3193508619442582
