times:
  edit-metadata: 1.3612209241837263
  landing: 0.06470223795622587
  view-data: 0.30422032065689564
