times:
  edit-metadata: 1.3537311404943466
  landing: 0.07157100737094879
  view-data: 0.3321878360584378
