times:
  edit-metadata: 1.3137555113062263
  landing: 0.059543066658079624
  view-data: 0.3262405898422003
