times:
  edit-metadata: 1.339580605737865
  landing: 0.06589996162801981
  view-data: 0.3070625877007842
