times:
  edit-metadata: 1.3400758942589164
  landing: 0.07137654535472393
  view-data: 0.309729908592999
