times:
  edit-metadata: 1.325855853036046
  landing: 0.06882567703723907
  view-data: 0.3120482936501503
