times:
  edit-metadata: 9.14818682987243
  landing: 0.06543844658881426
  view-data: 0.33535333070904016
