times:
  edit-metadata: 9.724159033969045
  landing: 0.06993534602224827
  view-data: 0.45477017015218735
