times:
  edit-metadata: 9.060668671503663
  landing: 0.06642212718725204
  view-data: 0.3374768663197756
