times:
  edit-metadata: 9.849234351888299
  landing: 0.08267641998827457
  view-data: 0.3357622195035219
