times:
  edit-metadata: 9.011449882760644
  landing: 0.07068626023828983
  view-data: 0.3396451072767377
