times:
  edit-metadata: 9.181963749229908
  landing: 0.06257130391895771
  view-data: 0.3232971169054508
