times:
  edit-metadata: 9.502987555228174
  landing: 0.07568351551890373
  view-data: 0.3292506067082286
