times:
  edit-metadata: 9.076872857287526
  landing: 0.05640514940023422
  view-data: 0.33989403676241636
