times:
  edit-metadata: 9.085237133316696
  landing: 0.08162585645914078
  view-data: 0.3277922924607992
