times:
  edit-metadata: 9.092174958437681
  landing: 0.07115552946925163
  view-data: 0.33488143514841795
