times:
  edit-metadata: 9.155410980805755
  landing: 0.06962527334690094
  view-data: 0.3571845954284072
