times:
  edit-metadata: 9.13950295560062
  landing: 0.05994231626391411
  view-data: 0.3179782759398222
