times:
  edit-metadata: 9.057482186704874
  landing: 0.06468332652002573
  view-data: 0.4436759240925312
