times:
  edit-metadata: 9.084306307137012
  landing: 0.06148417480289936
  view-data: 0.3298784550279379
