times:
  edit-metadata: 1.2605384476482868
  landing: 0.08460050169378519
  view-data: 0.3187373289838433
