times:
  edit-metadata: 1.217705374583602
  landing: 0.06173392850905657
  view-data: 0.33931730035692453
