times:
  edit-metadata: 1.2103857742622495
  landing: 0.0623310636729002
  view-data: 0.3102617459371686
