times:
  edit-metadata: 1.2216747542843223
  landing: 0.06307052820920944
  view-data: 0.32955691404640675
