times:
  edit-metadata: 1.2090389970690012
  landing: 0.07022700924426317
  view-data: 0.320979037322104
