times:
  edit-metadata: 1.2167265163734555
  landing: 0.062058817595243454
  view-data: 0.3268798338249326
