times:
  edit-metadata: 1.236700369976461
  landing: 0.061933581717312336
  view-data: 0.3218360338360071
