times:
  edit-metadata: 1.2267683008685708
  landing: 0.0573233999311924
  view-data: 0.3237993670627475
