times:
  edit-metadata: 1.2045994428917766
  landing: 0.056467292830348015
  view-data: 0.33851966448128223
