times:
  edit-metadata: 1.257852915674448
  landing: 0.06907932553440332
  view-data: 0.3320069070905447
