times:
  edit-metadata: 1.2501889914274216
  landing: 0.07180677354335785
  view-data: 0.3293193122372031
