times:
  edit-metadata: 1.2822371609508991
  landing: 0.06418702844530344
  view-data: 0.32315296307206154
