times:
  edit-metadata: 1.2401711717247963
  landing: 0.06727768387645483
  view-data: 0.323459074832499
