times:
  edit-metadata: 1.245436530560255
  landing: 0.06786758452653885
  view-data: 0.3200699985027313
