times:
  edit-metadata: 1.2741193752735853
  landing: 0.07218978833407164
  view-data: 0.31471468042582273
