times:
  edit-metadata: 1.2436608774587512
  landing: 0.07170954253524542
  view-data: 0.324609343893826
