times:
  edit-metadata: 1.4788974365219474
  landing: 0.07522246707230806
  view-data: 0.5044147679582238
