times:
  edit-metadata: 1.2213070914149284
  landing: 0.06808717548847198
  view-data: 0.3377299103885889
