times:
  edit-metadata: 1.2655465733259916
  landing: 0.06655064783990383
  view-data: 0.31127681862562895
