times:
  edit-metadata: 1.2603447875007987
  landing: 0.06583840120583773
  view-data: 0.3141764346510172
