times:
  edit-metadata: 1.2226270623505116
  landing: 0.0720663033425808
  view-data: 0.3444674853235483
