times:
  edit-metadata: 1.4059122884646058
  landing: 0.07141656149178743
  view-data: 0.32620921544730663
