times:
  edit-metadata: 1.300036670640111
  landing: 0.06353880744427443
  view-data: 0.3180734124034643
