times:
  edit-metadata: 1.2936309715732932
  landing: 0.0676403446123004
  view-data: 0.323226734995842
