times:
  edit-metadata: 1.252321313135326
  landing: 0.06516208034008741
  view-data: 0.32046404015272856
