times:
  edit-metadata: 1.257296978496015
  landing: 0.06815280579030514
  view-data: 0.3138260208070278
