times:
  edit-metadata: 1.2335439389571548
  landing: 0.06349929329007864
  view-data: 0.33961206302046776
