times:
  edit-metadata: 1.2601440297439694
  landing: 0.06589695159345865
  view-data: 0.3192459726706147
