times:
  edit-metadata: 1.6564378226175904
  landing: 0.061595394276082516
  view-data: 0.32161959540098906
