times:
  edit-metadata: 1.690431828610599
  landing: 0.06048549897968769
  view-data: 0.3064371198415756
