times:
  edit-metadata: 1.7366291303187609
  landing: 0.0605190210044384
  view-data: 0.30707766115665436
