times:
  edit-metadata: 1.6467960644513369
  landing: 0.07170878630131483
  view-data: 0.32769216876477003
