times:
  edit-metadata: 1.6638080384582281
  landing: 0.06571091152727604
  view-data: 0.3239340567961335
