times:
  edit-metadata: 1.7268797885626554
  landing: 0.07276144530624151
  view-data: 0.4486804762855172
