times:
  edit-metadata: 1.6201967019587755
  landing: 0.06635504495352507
  view-data: 0.3159709433093667
