times:
  edit-metadata: 2.2912176782265306
  landing: 0.05962950177490711
  view-data: 0.3466010354459286
