times:
  edit-metadata: 2.286941783502698
  landing: 0.0679477397352457
  view-data: 0.31560016237199306
