times:
  edit-metadata: 2.2837224509567022
  landing: 0.07227431610226631
  view-data: 0.31217772979289293
