times:
  edit-metadata: 2.2593231489881873
  landing: 0.06811469700187445
  view-data: 0.32430382166057825
