times:
  edit-metadata: 2.241571633145213
  landing: 0.0670780073851347
  view-data: 0.32676441222429276
