times:
  edit-metadata: 2.292582208290696
  landing: 0.05555640906095505
  view-data: 0.3354637287557125
