times:
  edit-metadata: 2.327764012850821
  landing: 0.060136813670396805
  view-data: 0.4519836213439703
