times:
  edit-metadata: 1.2271723179146647
  landing: 0.059465257450938225
  view-data: 0.3077646540477872
