times:
  edit-metadata: 1.197457836009562
  landing: 0.07223412301391363
  view-data: 0.3321125525981188
