times:
  edit-metadata: 1.2162932101637125
  landing: 0.07155317068099976
  view-data: 0.3355415351688862
