times:
  edit-metadata: 1.2267265319824219
  landing: 0.06905089505016804
  view-data: 0.31811355147510767
