times:
  edit-metadata: 1.4087687293067575
  landing: 0.0705759460106492
  view-data: 0.3163461657240987
