times:
  edit-metadata: 1.2039537150412798
  landing: 0.06653152406215668
  view-data: 0.31724669225513935
