times:
  edit-metadata: 1.4124742541462183
  landing: 0.07235026825219393
  view-data: 0.31973634101450443
