times:
  edit-metadata: 1.712380975484848
  landing: 0.0775309382006526
  view-data: 0.31970244087278843
