times:
  edit-metadata: 1.6999683640897274
  landing: 0.06007317919284105
  view-data: 0.30835883412510157
