times:
  edit-metadata: 1.7253040466457605
  landing: 0.06675593741238117
  view-data: 0.3208327032625675
