times:
  edit-metadata: 1.7271282197907567
  landing: 0.057577380910515785
  view-data: 0.31617741100490093
