times:
  edit-metadata: 1.6889376565814018
  landing: 0.06307773664593697
  view-data: 0.3135017519816756
