times:
  edit-metadata: 1.649242832325399
  landing: 0.05028993170708418
  view-data: 0.32837353087961674
