times:
  edit-metadata: 1.67133005335927
  landing: 0.07533145137131214
  view-data: 0.31851001735776663
