times:
  edit-metadata: 1.5429825186729431
  landing: 0.06438074260950089
  view-data: 0.30900759529322386
