times:
  edit-metadata: 1.5054957065731287
  landing: 0.06091843731701374
  view-data: 0.3091532066464424
