times:
  edit-metadata: 1.5521677182987332
  landing: 0.06564429868012667
  view-data: 0.32899959944188595
