times:
  edit-metadata: 1.5612509781494737
  landing: 0.05105296988040209
  view-data: 0.3236204721033573
