times:
  edit-metadata: 1.5634198309853673
  landing: 0.06179056502878666
  view-data: 0.32842907030135393
