times:
  edit-metadata: 1.573076182976365
  landing: 0.0647961450740695
  view-data: 0.30045020673424006
