times:
  edit-metadata: 1.619206721894443
  landing: 0.062098538503050804
  view-data: 0.31720248330384493
