times:
  edit-metadata: 1.685839580371976
  landing: 0.07192368991672993
  view-data: 0.3296667914837599
