times:
  edit-metadata: 1.6738386107608676
  landing: 0.07470259815454483
  view-data: 0.32962610106915236
