times:
  edit-metadata: 1.6418419936671853
  landing: 0.06453618220984936
  view-data: 0.3285331279039383
