times:
  edit-metadata: 1.6481785364449024
  landing: 0.06060982774943113
  view-data: 0.33488533925265074
