times:
  edit-metadata: 1.6455283015966415
  landing: 0.06152743939310312
  view-data: 0.3407152220606804
