times:
  edit-metadata: 1.6356733394786716
  landing: 0.05599581450223923
  view-data: 0.33610171638429165
