times:
  edit-metadata: 1.6214749403297901
  landing: 0.07350444979965687
  view-data: 0.31983828730881214
