times:
  edit-metadata: 2.066044199280441
  landing: 0.06896928139030933
  view-data: 0.3246784470975399
