times:
  edit-metadata: 2.082962715998292
  landing: 0.06571858655661345
  view-data: 0.3323272615671158
