times:
  edit-metadata: 2.0662551503628492
  landing: 0.06007971242070198
  view-data: 0.3248919965699315
