times:
  edit-metadata: 2.0727405566722155
  landing: 0.06999816559255123
  view-data: 0.3097655829042196
