times:
  edit-metadata: 2.0579903228208423
  landing: 0.06798726227134466
  view-data: 0.3202775986865163
