times:
  edit-metadata: 2.100283673964441
  landing: 0.06976193469017744
  view-data: 0.3170878179371357
