times:
  edit-metadata: 2.043553400784731
  landing: 0.06303966138511896
  view-data: 0.31770496629178524
