times:
  edit-metadata: 1.2382617546245456
  landing: 0.06424575112760067
  view-data: 0.3190080327913165
