times:
  edit-metadata: 1.2878313511610031
  landing: 0.07471958361566067
  view-data: 0.3285671938210726
