times:
  edit-metadata: 1.2874528132379055
  landing: 0.06622385513037443
  view-data: 0.31606708746403456
