times:
  edit-metadata: 1.214874248020351
  landing: 0.06910428684204817
  view-data: 0.32516331132501364
