times:
  edit-metadata: 1.2277707671746612
  landing: 0.06302834209054708
  view-data: 0.3176162475720048
