times:
  edit-metadata: 1.25214665196836
  landing: 0.06271070800721645
  view-data: 0.3226834060624242
