times:
  edit-metadata: 1.2776491278782487
  landing: 0.060260528698563576
  view-data: 0.3080295864492655
