times:
  edit-metadata: 1.2655638065189123
  landing: 0.07926458586007357
  view-data: 0.32237484212964773
