times:
  edit-metadata: 1.213814465329051
  landing: 0.06542103178799152
  view-data: 0.32557071559131145
