times:
  edit-metadata: 1.1921181911602616
  landing: 0.06402833852916956
  view-data: 0.3153258264064789
