times:
  edit-metadata: 1.249317154288292
  landing: 0.06642977334558964
  view-data: 0.32017867360264063
