times:
  edit-metadata: 1.2041434850543737
  landing: 0.07745031360536814
  view-data: 0.3235525256022811
