times:
  edit-metadata: 1.1942652724683285
  landing: 0.061209640465676785
  view-data: 0.3078675763681531
