times:
  edit-metadata: 1.228013388812542
  landing: 0.07323780562728643
  view-data: 0.3399648563936353
