times:
  edit-metadata: 1.5849607465788722
  landing: 0.06243514735251665
  view-data: 0.30676400009542704
