times:
  edit-metadata: 1.5331069929525256
  landing: 0.0682086031883955
  view-data: 0.3325874889269471
