times:
  edit-metadata: 1.55069728102535
  landing: 0.06922579649835825
  view-data: 0.32007900904864073
