times:
  edit-metadata: 1.5811950080096722
  landing: 0.06633187178522348
  view-data: 0.320959591306746
