times:
  edit-metadata: 1.614113719202578
  landing: 0.06156672444194555
  view-data: 0.3280531093478203
