times:
  edit-metadata: 1.6426732204854488
  landing: 0.07711588032543659
  view-data: 0.338967626914382
