times:
  edit-metadata: 1.6317547345533967
  landing: 0.06791078858077526
  view-data: 0.31242460757493973
