times:
  edit-metadata: 1.740124766714871
  landing: 0.0767778530716896
  view-data: 0.3229326978325844
