times:
  edit-metadata: 1.736114858649671
  landing: 0.06505312770605087
  view-data: 0.31716999504715204
