times:
  edit-metadata: 1.6658992832526565
  landing: 0.06271752063184977
  view-data: 0.31795184407383204
