times:
  edit-metadata: 1.699442126788199
  landing: 0.06253767851740122
  view-data: 0.31342854257673025
