times:
  edit-metadata: 1.6501866830512881
  landing: 0.06651011109352112
  view-data: 0.3314537685364485
