times:
  edit-metadata: 1.7312465403228998
  landing: 0.07052703946828842
  view-data: 0.31780411396175623
