times:
  edit-metadata: 1.7015208201482892
  landing: 0.06770019605755806
  view-data: 0.34463042486459017
