times:
  edit-metadata: 2.4044367419555783
  landing: 0.053569674491882324
  view-data: 0.32435992266982794
