times:
  edit-metadata: 2.368411467410624
  landing: 0.06408722791820765
  view-data: 0.32285066694021225
