times:
  edit-metadata: 2.3744177538901567
  landing: 0.06951792910695076
  view-data: 0.32938811276108027
