times:
  edit-metadata: 2.4411490904167295
  landing: 0.06453455705195665
  view-data: 0.3200092650949955
