times:
  edit-metadata: 2.3951802430674434
  landing: 0.059242215007543564
  view-data: 0.3273605164140463
