times:
  edit-metadata: 2.372576261870563
  landing: 0.06254955846816301
  view-data: 0.31588305812329054
