times:
  edit-metadata: 2.4124176064506173
  landing: 0.06434871070086956
  view-data: 0.3286342117935419
