times:
  edit-metadata: 4.606376891024411
  landing: 0.05398526880890131
  view-data: 0.32237972784787416
