times:
  edit-metadata: 4.327954984270036
  landing: 0.05608525779098272
  view-data: 0.3371326709166169
