times:
  edit-metadata: 4.326700058765709
  landing: 0.0724505316466093
  view-data: 0.31553597189486027
