times:
  edit-metadata: 4.409404195845127
  landing: 0.06515787169337273
  view-data: 0.32299361284822226
