times:
  edit-metadata: 4.311827398836613
  landing: 0.05919914785772562
  view-data: 0.32603320479393005
