times:
  edit-metadata: 4.313366662710905
  landing: 0.06867402326315641
  view-data: 0.32082847971469164
