times:
  edit-metadata: 4.336625047028065
  landing: 0.06182995717972517
  view-data: 0.3485556850209832
