times:
  edit-metadata: 4.164896576665342
  landing: 0.07573921047151089
  view-data: 0.3165694884955883
