times:
  edit-metadata: 4.429201550781727
  landing: 0.059350088238716125
  view-data: 0.346806064248085
