times:
  edit-metadata: 4.264097748324275
  landing: 0.0696799997240305
  view-data: 0.3286322755739093
