times:
  edit-metadata: 4.308904241770506
  landing: 0.08072841167449951
  view-data: 0.31420552637428045
