times:
  edit-metadata: 4.270743033848703
  landing: 0.06433752179145813
  view-data: 0.3169984947890043
