times:
  edit-metadata: 4.266943670809269
  landing: 0.06581913027912378
  view-data: 0.32707181572914124
