times:
  edit-metadata: 4.423645760864019
  landing: 0.0708583015948534
  view-data: 0.324493451975286
