times:
  edit-metadata: 1.2984518334269524
  landing: 0.06771343108266592
  view-data: 0.31493033561855555
