times:
  edit-metadata: 1.2487749978899956
  landing: 0.06908472999930382
  view-data: 0.33652209397405386
