times:
  edit-metadata: 1.2629315601661801
  landing: 0.057290034368634224
  view-data: 0.34033023100346327
