times:
  edit-metadata: 1.2557907802984118
  landing: 0.06725048180669546
  view-data: 0.33339147362858057
