times:
  edit-metadata: 1.2587466780096292
  landing: 0.05069775599986315
  view-data: 0.3238857723772526
