times:
  edit-metadata: 1.2520308215171099
  landing: 0.0573255131021142
  view-data: 0.3298859018832445
