times:
  edit-metadata: 1.2309183478355408
  landing: 0.058885565027594566
  view-data: 0.32665485329926014
