times:
  edit-metadata: 1.242953797802329
  landing: 0.06986433360725641
  view-data: 0.3329037595540285
