times:
  edit-metadata: 1.2352682380005717
  landing: 0.07043243385851383
  view-data: 0.31981300842016935
