times:
  edit-metadata: 1.2605890575796366
  landing: 0.06622832082211971
  view-data: 0.31683909986168146
