times:
  edit-metadata: 1.318986794911325
  landing: 0.06230561062693596
  view-data: 0.31596188992261887
