times:
  edit-metadata: 1.2961155297234654
  landing: 0.05901843495666981
  view-data: 0.32108772452920675
