times:
  edit-metadata: 1.2538202600553632
  landing: 0.07569546904414892
  view-data: 0.33108610566705465
