times:
  edit-metadata: 1.265563246794045
  landing: 0.0651172623038292
  view-data: 0.3190796719864011
