times:
  edit-metadata: 1.232464230619371
  landing: 0.06507223378866911
  view-data: 0.31112115178257227
