times:
  edit-metadata: 1.2365300906822085
  landing: 0.05982349440455437
  view-data: 0.31409155391156673
