times:
  edit-metadata: 1.2181414971128106
  landing: 0.0598745821043849
  view-data: 0.3208534913137555
