times:
  edit-metadata: 1.320922433398664
  landing: 0.059219139628112316
  view-data: 0.3157752500846982
