times:
  edit-metadata: 1.1838902151212096
  landing: 0.06812243442982435
  view-data: 0.3161429176107049
