times:
  edit-metadata: 1.2389941681176424
  landing: 0.07213968504220247
  view-data: 0.30035581439733505
