times:
  edit-metadata: 1.1945511689409614
  landing: 0.059954432770609856
  view-data: 0.32218347769230604
