times:
  edit-metadata: 1.8855957193300128
  landing: 0.06594535242766142
  view-data: 0.3276039604097605
