times:
  edit-metadata: 1.9782203072682023
  landing: 0.07455911114811897
  view-data: 0.33216363564133644
