times:
  edit-metadata: 1.8709513051435351
  landing: 0.07810871675610542
  view-data: 0.33422156795859337
