times:
  edit-metadata: 1.936915979720652
  landing: 0.0681205466389656
  view-data: 0.33139045536518097
