times:
  edit-metadata: 1.9190659867599607
  landing: 0.07518344186246395
  view-data: 0.3261887589469552
