times:
  edit-metadata: 1.9045187598094344
  landing: 0.05675139371305704
  view-data: 0.326517510227859
