times:
  edit-metadata: 1.8910394022241235
  landing: 0.06627429742366076
  view-data: 0.3225005939602852
