times:
  edit-metadata: 1.2201867448166013
  landing: 0.05950961820781231
  view-data: 0.3710793601348996
