times:
  edit-metadata: 1.2381400614976883
  landing: 0.06604177132248878
  view-data: 0.3173745218664408
