times:
  edit-metadata: 1.2518884455785155
  landing: 0.05803416296839714
  view-data: 0.3170706471428275
