times:
  edit-metadata: 1.2314362414181232
  landing: 0.06379276514053345
  view-data: 0.3194949831813574
