times:
  edit-metadata: 1.2464044066146016
  landing: 0.07069846522063017
  view-data: 0.2967718029394746
