times:
  edit-metadata: 1.2398590492084622
  landing: 0.06508298311382532
  view-data: 0.3207215955480933
