times:
  edit-metadata: 1.2516351593658328
  landing: 0.07232658937573433
  view-data: 0.30808580853044987
