times:
  edit-metadata: 1.2000543819740415
  landing: 0.06366267893463373
  view-data: 0.3178527858108282
