times:
  edit-metadata: 1.2355215577408671
  landing: 0.06828292459249496
  view-data: 0.32059287186712027
