times:
  edit-metadata: 1.3312304383143783
  landing: 0.06182810943573713
  view-data: 0.3353757429867983
