times:
  edit-metadata: 1.229886912740767
  landing: 0.06183659564703703
  view-data: 0.32005225494503975
