times:
  edit-metadata: 1.2549363086000085
  landing: 0.06464771181344986
  view-data: 0.3195370687171817
