times:
  edit-metadata: 1.2512444229796529
  landing: 0.054454151540994644
  view-data: 0.33333039470016956
