times:
  edit-metadata: 1.2797532118856907
  landing: 0.0729245226830244
  view-data: 0.3189240340143442
