times:
  edit-metadata: 1.3001893879845738
  landing: 0.07129726558923721
  view-data: 0.3100023716688156
