times:
  edit-metadata: 1.285948689095676
  landing: 0.07350550964474678
  view-data: 0.312705404125154
