times:
  edit-metadata: 1.3157933559268713
  landing: 0.06533016078174114
  view-data: 0.3167544826865196
