times:
  edit-metadata: 1.288200605660677
  landing: 0.0751964608207345
  view-data: 0.3003598675131798
