times:
  edit-metadata: 1.2654279060661793
  landing: 0.06469527818262577
  view-data: 0.3178588878363371
