times:
  edit-metadata: 1.2515328200533986
  landing: 0.05948632024228573
  view-data: 0.3078208062797785
