times:
  edit-metadata: 1.2769981510937214
  landing: 0.07664374448359013
  view-data: 0.3270753538236022
