times:
  edit-metadata: 1.2332941610366106
  landing: 0.05772913806140423
  view-data: 0.31332231406122446
