times:
  edit-metadata: 1.2416344797238708
  landing: 0.060471802949905396
  view-data: 0.3286280380561948
