times:
  edit-metadata: 1.24329848960042
  landing: 0.06848680041730404
  view-data: 0.3314161617308855
