times:
  edit-metadata: 1.2150938725098968
  landing: 0.060960378497838974
  view-data: 0.3338004192337394
