times:
  edit-metadata: 1.2682481855154037
  landing: 0.07088431622833014
  view-data: 0.31202771980315447
