times:
  edit-metadata: 1.1969248075038195
  landing: 0.08643481321632862
  view-data: 0.3020565938204527
