times:
  edit-metadata: 1.237696822732687
  landing: 0.06085886154323816
  view-data: 0.30676397681236267
