times:
  edit-metadata: 1.3113097995519638
  landing: 0.06516579166054726
  view-data: 0.3120281267911196
