times:
  edit-metadata: 1.2904907576739788
  landing: 0.06083664670586586
  view-data: 0.31972682010382414
