times:
  edit-metadata: 1.304729520343244
  landing: 0.05962779559195042
  view-data: 0.3250461220741272
