times:
  edit-metadata: 1.3004486858844757
  landing: 0.06400269083678722
  view-data: 0.31609665509313345
