times:
  edit-metadata: 1.30988625343889
  landing: 0.05417377036064863
  view-data: 0.32689381297677755
