times:
  edit-metadata: 1.270801093429327
  landing: 0.06319426093250513
  view-data: 0.4578411001712084
