times:
  edit-metadata: 1.3124199267476797
  landing: 0.0693072909489274
  view-data: 0.3056667000055313
