times:
  edit-metadata: 1.159015042707324
  landing: 0.06682585831731558
  view-data: 0.3163563022390008
