times:
  edit-metadata: 1.195616782642901
  landing: 0.07037695590406656
  view-data: 0.32506420835852623
