times:
  edit-metadata: 1.1846695858985186
  landing: 0.06745576672255993
  view-data: 0.3332204343751073
