times:
  edit-metadata: 1.1671225847676396
  landing: 0.08218689169734716
  view-data: 0.31716516707092524
