times:
  edit-metadata: 1.1627628533169627
  landing: 0.06363182608038187
  view-data: 0.3290163418278098
