times:
  edit-metadata: 1.178626561537385
  landing: 0.07120354194194078
  view-data: 0.3122794972732663
