times:
  edit-metadata: 1.1832764353603125
  landing: 0.08067964017391205
  view-data: 0.31761450227349997
