times:
  edit-metadata: 1.407814335078001
  landing: 0.07054897863417864
  view-data: 0.3186345808207989
