times:
  edit-metadata: 1.4016609489917755
  landing: 0.06544464454054832
  view-data: 0.3128551207482815
