times:
  edit-metadata: 1.4434175854548812
  landing: 0.06577659770846367
  view-data: 0.3447098946198821
