times:
  edit-metadata: 1.388372888788581
  landing: 0.06417000666260719
  view-data: 0.29303210508078337
