times:
  edit-metadata: 1.374174052849412
  landing: 0.07360743917524815
  view-data: 0.3284825487062335
