times:
  edit-metadata: 1.3957391874864697
  landing: 0.06472855433821678
  view-data: 0.30765468161553144
