times:
  edit-metadata: 1.4194657634943724
  landing: 0.0815116036683321
  view-data: 0.3196533340960741
