times:
  edit-metadata: 1.3923015352338552
  landing: 0.06213692668825388
  view-data: 0.3200650652870536
