times:
  edit-metadata: 1.3827552860602736
  landing: 0.060627841390669346
  view-data: 0.3112142225727439
