times:
  edit-metadata: 1.375927509739995
  landing: 0.06867390498518944
  view-data: 0.30261312890797853
