times:
  edit-metadata: 1.3801162531599402
  landing: 0.06910163071006536
  view-data: 0.3254095548763871
