times:
  edit-metadata: 1.4037950970232487
  landing: 0.06609169021248817
  view-data: 0.3323071142658591
