times:
  edit-metadata: 1.5028373086825013
  landing: 0.06086575984954834
  view-data: 0.3597073145210743
