times:
  edit-metadata: 1.375614920631051
  landing: 0.059341768734157085
  view-data: 0.31527355685830116
