times:
  edit-metadata: 1.3829633528366685
  landing: 0.06345078349113464
  view-data: 0.31598019786179066
