times:
  edit-metadata: 1.3580875573679805
  landing: 0.06794784124940634
  view-data: 0.31772465724498034
