times:
  edit-metadata: 1.3613250302150846
  landing: 0.06076199095696211
  view-data: 0.3312275651842356
