times:
  edit-metadata: 1.3661435982212424
  landing: 0.04565585497766733
  view-data: 0.3151931082829833
