times:
  edit-metadata: 1.333047578111291
  landing: 0.055312962271273136
  view-data: 0.3048638766631484
