times:
  edit-metadata: 1.3685297397896647
  landing: 0.06039678957313299
  view-data: 0.3301452901214361
