times:
  edit-metadata: 1.4352538082748652
  landing: 0.07319946680217981
  view-data: 0.3247341327369213
