times:
  edit-metadata: 1.2818150073289871
  landing: 0.07146110199391842
  view-data: 0.3127776822075248
