times:
  edit-metadata: 1.2757204426452518
  landing: 0.0670600263401866
  view-data: 0.32708308193832636
