times:
  edit-metadata: 1.2609766889363527
  landing: 0.06573431100696325
  view-data: 0.3307978445664048
