times:
  edit-metadata: 1.2990549029782414
  landing: 0.058329807594418526
  view-data: 0.32022792659699917
