times:
  edit-metadata: 1.2956648841500282
  landing: 0.07305843848735094
  view-data: 0.3187296213582158
