times:
  edit-metadata: 1.3064709100872278
  landing: 0.05888288840651512
  view-data: 0.3151469202712178
