times:
  edit-metadata: 1.2828996796160936
  landing: 0.06513275299221277
  view-data: 0.3275384334847331
