times:
  edit-metadata: 1.2007691944018006
  landing: 0.07016641739755869
  view-data: 0.5896764360368252
