times:
  edit-metadata: 1.1956334570422769
  landing: 0.05812038294970989
  view-data: 0.592672735452652
