times:
  edit-metadata: 1.2705662725493312
  landing: 0.0556494053453207
  view-data: 0.24117070715874434
