times:
  edit-metadata: 1.2721939608454704
  landing: 0.06662454642355442
  view-data: 0.6081732930615544
