times:
  edit-metadata: 1.2609762316569686
  landing: 0.08666014950722456
  view-data: 0.6221457803621888
