times:
  edit-metadata: 1.2501559285447001
  landing: 0.07450584415346384
  view-data: 0.45772815495729446
