times:
  edit-metadata: 1.3098089834675193
  landing: 0.05915178172290325
  view-data: 0.8442491376772523
