times:
  edit-metadata: 1.2480963673442602
  landing: 0.0797930546104908
  view-data: 0.22002863697707653
