times:
  edit-metadata: 1.2071187980473042
  landing: 0.071918910369277
  view-data: 0.4866601498797536
