times:
  edit-metadata: 1.1957945181056857
  landing: 0.056097363121807575
  view-data: 0.5886226315051317
