times:
  edit-metadata: 1.1370432479307055
  landing: 0.06941434554755688
  view-data: 0.5089636379852891
