times:
  edit-metadata: 1.2700767274945974
  landing: 0.056909522973001
  view-data: 0.4665315244346857
