times:
  edit-metadata: 1.2830327982082963
  landing: 0.06540468521416187
  view-data: 0.9906154805794358
