times:
  edit-metadata: 1.2470239447429776
  landing: 0.06368927285075188
  view-data: 0.5899937069043517
