times:
  edit-metadata: 1.2714173356071115
  landing: 0.07754199393093586
  view-data: 0.3098237803205848
