times:
  edit-metadata: 1.2314375396817923
  landing: 0.07051307335495949
  view-data: 0.31671506352722645
