times:
  edit-metadata: 1.2660036087036133
  landing: 0.06808366160839796
  view-data: 0.31326125375926495
