times:
  edit-metadata: 1.2376617649570107
  landing: 0.06645099259912968
  view-data: 0.31247647292912006
