times:
  edit-metadata: 1.339254442602396
  landing: 0.07335161045193672
  view-data: 0.3231046386063099
