times:
  edit-metadata: 1.2607168201357126
  landing: 0.061835176311433315
  view-data: 0.3294199937954545
