times:
  edit-metadata: 1.27861537784338
  landing: 0.05946188233792782
  view-data: 0.3223732588812709
