times:
  edit-metadata: 1.2153883902356029
  landing: 0.06837123259902
  view-data: 0.33398423716425896
