times:
  edit-metadata: 1.2270628968253732
  landing: 0.07984177768230438
  view-data: 0.32288662623614073
