times:
  edit-metadata: 1.2868177685886621
  landing: 0.07553216442465782
  view-data: 0.325173350982368
