times:
  edit-metadata: 1.2578443447127938
  landing: 0.07616958487778902
  view-data: 0.3271039901301265
