times:
  edit-metadata: 1.2372851828113198
  landing: 0.061074559576809406
  view-data: 0.31710719503462315
