times:
  edit-metadata: 1.3111378541216254
  landing: 0.06578942574560642
  view-data: 0.33034326508641243
