times:
  edit-metadata: 1.2218954097479582
  landing: 0.05709352158010006
  view-data: 0.3175280587747693
