times:
  edit-metadata: 1.2888498464599252
  landing: 0.07313961908221245
  view-data: 0.31203184369951487
