times:
  edit-metadata: 1.2787449089810252
  landing: 0.06499268487095833
  view-data: 0.3352695433422923
