times:
  edit-metadata: 1.2839521979913116
  landing: 0.05923771113157272
  view-data: 0.3241207776591182
