times:
  edit-metadata: 1.3217808594927192
  landing: 0.059080672450363636
  view-data: 0.3159546358510852
