times:
  edit-metadata: 1.2914061592891812
  landing: 0.05905606038868427
  view-data: 0.32378403656184673
