times:
  edit-metadata: 1.2854499500244856
  landing: 0.06560996267944574
  view-data: 0.3303943481296301
