times:
  edit-metadata: 1.2774713328108191
  landing: 0.07748656067997217
  view-data: 0.3132277484983206
