times:
  edit-metadata: 1.1483379751443863
  landing: 0.05554270651191473
  view-data: 0.33039170037955046
