times:
  edit-metadata: 1.1046830927953124
  landing: 0.0472122635692358
  view-data: 0.3245403887704015
