times:
  edit-metadata: 1.1196035193279386
  landing: 0.06574573367834091
  view-data: 0.31250760331749916
