times:
  edit-metadata: 1.1479331478476524
  landing: 0.06987699680030346
  view-data: 0.33491389639675617
