times:
  edit-metadata: 1.1117715192958713
  landing: 0.06304475292563438
  view-data: 0.3146144011989236
