times:
  edit-metadata: 1.1417493494227529
  landing: 0.05945937894284725
  view-data: 0.32894296757876873
