times:
  edit-metadata: 1.1283271638676524
  landing: 0.06589786615222692
  view-data: 0.3019696306437254
