times:
  edit-metadata: 1.308551799505949
  landing: 0.07163822557777166
  view-data: 0.3223362611606717
