times:
  edit-metadata: 1.3100674683228135
  landing: 0.07088511250913143
  view-data: 0.3212527809664607
