times:
  edit-metadata: 1.3166938358917832
  landing: 0.06527040060609579
  view-data: 0.3285853676497936
