times:
  edit-metadata: 1.291636903770268
  landing: 0.05919605027884245
  view-data: 0.3266348009929061
