times:
  edit-metadata: 1.2903306297957897
  landing: 0.06230731122195721
  view-data: 0.3152941633015871
