times:
  edit-metadata: 1.3149808626621962
  landing: 0.0629816334694624
  view-data: 0.32100612856447697
