times:
  edit-metadata: 1.281021778471768
  landing: 0.0635789092630148
  view-data: 0.32387607730925083
