times:
  edit-metadata: 1.2405996015295386
  landing: 0.06879184860736132
  view-data: 0.32528774067759514
