times:
  edit-metadata: 1.3240875713527203
  landing: 0.06638216692954302
  view-data: 0.33067162428051233
