times:
  edit-metadata: 1.260276128537953
  landing: 0.060803137719631195
  view-data: 0.3303067022934556
