times:
  edit-metadata: 1.2445399332791567
  landing: 0.0722696166485548
  view-data: 0.32174595165997744
