times:
  edit-metadata: 1.3065828206017613
  landing: 0.06709601078182459
  view-data: 0.3378997026011348
