times:
  edit-metadata: 1.234786325134337
  landing: 0.05961111281067133
  view-data: 0.3085937211290002
