times:
  edit-metadata: 1.2458344427868724
  landing: 0.06448425818234682
  view-data: 0.3183898562565446
