times:
  edit-metadata: 1.195259184576571
  landing: 0.0639015519991517
  view-data: 0.3297903826460242
