times:
  edit-metadata: 1.141602543182671
  landing: 0.06182892061769962
  view-data: 0.3183323321864009
