times:
  edit-metadata: 1.1593263605609536
  landing: 0.060119117610156536
  view-data: 0.3361838711425662
