times:
  edit-metadata: 1.1509692762047052
  landing: 0.07399405259639025
  view-data: 0.31865326408296824
