times:
  edit-metadata: 1.1790511757135391
  landing: 0.06885392405092716
  view-data: 0.3281106883659959
