times:
  edit-metadata: 1.1914588110521436
  landing: 0.07708217948675156
  view-data: 0.32357044611126184
