times:
  edit-metadata: 1.1950591262429953
  landing: 0.06317807547748089
  view-data: 0.3152908431366086
