times:
  edit-metadata: 1.177741825580597
  landing: 0.06559452787041664
  view-data: 0.32085099816322327
