times:
  edit-metadata: 1.1576953791081905
  landing: 0.04928366467356682
  view-data: 0.3120604893192649
