times:
  edit-metadata: 1.1458858205005527
  landing: 0.0597411822527647
  view-data: 0.3261532401666045
