times:
  edit-metadata: 1.1567866159603
  landing: 0.06693573296070099
  view-data: 0.31181571912020445
