times:
  edit-metadata: 1.1700359974056482
  landing: 0.06004816759377718
  view-data: 0.3125009145587683
