times:
  edit-metadata: 1.1523049864917994
  landing: 0.07074054144322872
  view-data: 0.3307646093890071
