times:
  edit-metadata: 1.2107584914192557
  landing: 0.05649350117892027
  view-data: 0.3228829288855195
