times:
  edit-metadata: 1.297843704931438
  landing: 0.05980057828128338
  view-data: 0.3140314081683755
