times:
  edit-metadata: 1.3346116095781326
  landing: 0.06527489144355059
  view-data: 0.3212419915944338
