times:
  edit-metadata: 1.4521420327946544
  landing: 0.06195947155356407
  view-data: 0.32046806439757347
