times:
  edit-metadata: 1.3089688755571842
  landing: 0.07683554291725159
  view-data: 0.32556814327836037
