times:
  edit-metadata: 1.336108305491507
  landing: 0.0671734195202589
  view-data: 0.3202314842492342
