times:
  edit-metadata: 1.34102844260633
  landing: 0.06313651520758867
  view-data: 0.3360372520983219
