times:
  edit-metadata: 1.3680941527709365
  landing: 0.06363320630043745
  view-data: 0.32936990540474653
