times:
  edit-metadata: 1.311375267803669
  landing: 0.07426185254007578
  view-data: 0.31056014262139797
