times:
  edit-metadata: 1.3982195686548948
  landing: 0.07074057031422853
  view-data: 0.3437233045697212
