times:
  edit-metadata: 1.2930318545550108
  landing: 0.07361886743456125
  view-data: 0.3165990514680743
