times:
  edit-metadata: 1.371522605419159
  landing: 0.053722478449344635
  view-data: 0.3397679580375552
