times:
  edit-metadata: 1.3094906974583864
  landing: 0.07512695342302322
  view-data: 0.3224483747035265
