times:
  edit-metadata: 1.3003995977342129
  landing: 0.05552690662443638
  view-data: 0.3000754537060857
