times:
  edit-metadata: 1.297331152483821
  landing: 0.06671091355383396
  view-data: 0.3241230258718133
