times:
  edit-metadata: 1.4204695597290993
  landing: 0.05841874424368143
  view-data: 0.32947061304003
