times:
  edit-metadata: 1.5379775064066052
  landing: 0.06610476318746805
  view-data: 0.3212616937234998
