times:
  edit-metadata: 1.4034486999735236
  landing: 0.057169499807059765
  view-data: 0.3198324888944626
