times:
  edit-metadata: 1.4091340070590377
  landing: 0.06344419252127409
  view-data: 0.32965665496885777
