times:
  edit-metadata: 1.3642887882888317
  landing: 0.05909287463873625
  view-data: 0.3274551322683692
