times:
  edit-metadata: 1.4875082112848759
  landing: 0.05910127051174641
  view-data: 0.3578022327274084
