times:
  edit-metadata: 1.4403529446572065
  landing: 0.06690346822142601
  view-data: 0.32495715096592903
