times:
  edit-metadata: 1.2426547277718782
  landing: 0.06187196262180805
  view-data: 0.297693220898509
