times:
  edit-metadata: 1.2725214902311563
  landing: 0.06223649904131889
  view-data: 0.31952829845249653
