times:
  edit-metadata: 1.2833099383860826
  landing: 0.06393796391785145
  view-data: 0.4192608902230859
