times:
  edit-metadata: 1.220267379656434
  landing: 0.06253059394657612
  view-data: 0.3041143612936139
