times:
  edit-metadata: 1.2556840805336833
  landing: 0.063515430316329
  view-data: 0.31875147856771946
