times:
  edit-metadata: 1.242464448325336
  landing: 0.07614346500486135
  view-data: 0.3099095141515136
