times:
  edit-metadata: 1.2359392931684852
  landing: 0.07352773286402225
  view-data: 0.3216017000377178
