times:
  edit-metadata: 1.2493336461484432
  landing: 0.08482786547392607
  view-data: 0.3419628832489252
