times:
  edit-metadata: 1.2463750150054693
  landing: 0.0622676108032465
  view-data: 0.3279124032706022
