times:
  edit-metadata: 1.2612183410674334
  landing: 0.059512147679924965
  view-data: 0.3140695057809353
