times:
  edit-metadata: 1.27707115188241
  landing: 0.07132309209555387
  view-data: 0.32574556674808264
