times:
  edit-metadata: 1.2382414489984512
  landing: 0.060039227828383446
  view-data: 0.3333588410168886
