times:
  edit-metadata: 1.2659349767491221
  landing: 0.07444382831454277
  view-data: 0.31888185534626245
