times:
  edit-metadata: 1.2483716886490583
  landing: 0.0690539600327611
  view-data: 0.32361968606710434
