times:
  edit-metadata: 1.2912697587162256
  landing: 0.06053723394870758
  view-data: 0.3249685801565647
