times:
  edit-metadata: 1.3071787105873227
  landing: 0.06653898023068905
  view-data: 0.3091799383983016
