times:
  edit-metadata: 1.2806935431435704
  landing: 0.06101107504218817
  view-data: 0.3180208718404174
