times:
  edit-metadata: 1.2699805535376072
  landing: 0.06395169161260128
  view-data: 0.3189973160624504
