times:
  edit-metadata: 1.2737347315996885
  landing: 0.06760500092059374
  view-data: 0.3225514506921172
