times:
  edit-metadata: 1.314260951243341
  landing: 0.07509794924408197
  view-data: 0.3199807396158576
