times:
  edit-metadata: 1.3052273048087955
  landing: 0.05975737515836954
  view-data: 0.3294617095962167
