times:
  edit-metadata: 1.285764585249126
  landing: 0.07151356432586908
  view-data: 0.32309475261718035
