times:
  edit-metadata: 1.2892632950097322
  landing: 0.054132296703755856
  view-data: 0.31691125128418207
