times:
  edit-metadata: 1.323028420098126
  landing: 0.07539199478924274
  view-data: 0.3205090705305338
