times:
  edit-metadata: 1.276816813275218
  landing: 0.06742822844535112
  view-data: 0.31820112094283104
