times:
  edit-metadata: 1.2798170438036323
  landing: 0.07563161011785269
  view-data: 0.30803004279732704
