times:
  edit-metadata: 1.271817841567099
  landing: 0.06562738306820393
  view-data: 0.32228874694556
