times:
  edit-metadata: 1.2844334747642279
  landing: 0.06986270565539598
  view-data: 0.30716740153729916
