times:
  edit-metadata: 1.4943205211311579
  landing: 0.051828861236572266
  view-data: 0.3204777715727687
