times:
  edit-metadata: 1.5197584563866258
  landing: 0.07230083737522364
  view-data: 0.3217195179313421
