times:
  edit-metadata: 1.5366999739781022
  landing: 0.07537473738193512
  view-data: 0.3157130191102624
