times:
  edit-metadata: 1.512149683199823
  landing: 0.07862460613250732
  view-data: 0.3287505554035306
