times:
  edit-metadata: 1.5698872432112694
  landing: 0.06944756116718054
  view-data: 0.33005564380437136
