times:
  edit-metadata: 1.5970604019239545
  landing: 0.0636161444708705
  view-data: 0.3294362472370267
