times:
  edit-metadata: 1.475787015631795
  landing: 0.05930617265403271
  view-data: 0.32972857914865017
