times:
  edit-metadata: 3.4093300960958004
  landing: 0.06502148788422346
  view-data: 0.3223422262817621
