times:
  edit-metadata: 3.4401185801252723
  landing: 0.06083529908210039
  view-data: 0.32979268208146095
