times:
  edit-metadata: 3.4103196132928133
  landing: 0.0714512262493372
  view-data: 0.3129394920542836
