times:
  edit-metadata: 3.383239849470556
  landing: 0.07003156840801239
  view-data: 0.2984172133728862
