times:
  edit-metadata: 3.36917588301003
  landing: 0.059377023950219154
  view-data: 0.33053178060799837
