times:
  edit-metadata: 3.447375640273094
  landing: 0.060148186050355434
  view-data: 0.32515346445143223
