times:
  edit-metadata: 3.380295599810779
  landing: 0.07896498125046492
  view-data: 0.3032824145630002
