times:
  edit-metadata: 1.4406519085168839
  landing: 0.058654396794736385
  view-data: 0.3147415900602937
