times:
  edit-metadata: 1.3609973285347223
  landing: 0.07758108153939247
  view-data: 0.32209043949842453
