times:
  edit-metadata: 1.3434847965836525
  landing: 0.05900787468999624
  view-data: 0.303777102380991
