times:
  edit-metadata: 1.4122754549607635
  landing: 0.07207135483622551
  view-data: 0.3297613086178899
