times:
  edit-metadata: 1.3435217859223485
  landing: 0.08429000899195671
  view-data: 0.3369969902560115
