times:
  edit-metadata: 1.370363688096404
  landing: 0.058732954785227776
  view-data: 0.31852001044899225
