times:
  edit-metadata: 1.324452307075262
  landing: 0.06845309678465128
  view-data: 0.31739301327615976
