times:
  edit-metadata: 2.046439502388239
  landing: 0.0653599938377738
  view-data: 0.3408664772287011
