times:
  edit-metadata: 2.0478007523342967
  landing: 0.07075027376413345
  view-data: 0.3357368251308799
