times:
  edit-metadata: 2.109462874941528
  landing: 0.07527210377156734
  view-data: 0.318393349647522
