times:
  edit-metadata: 2.064492328092456
  landing: 0.06438694801181555
  view-data: 0.3172308010980487
