times:
  edit-metadata: 2.11872470844537
  landing: 0.059292529709637165
  view-data: 0.3315133834257722
