times:
  edit-metadata: 2.084158123470843
  landing: 0.06187987606972456
  view-data: 0.32068154495209455
