times:
  edit-metadata: 2.037628228776157
  landing: 0.07103754952549934
  view-data: 0.32121502235531807
