times:
  edit-metadata: 1.236222074367106
  landing: 0.06546679977327585
  view-data: 0.31630505435168743
