times:
  edit-metadata: 1.28260048199445
  landing: 0.0653949435800314
  view-data: 0.3247206024825573
