times:
  edit-metadata: 1.2573865251615644
  landing: 0.059123988263309
  view-data: 0.3174971994012594
