times:
  edit-metadata: 1.2543020220473409
  landing: 0.0877169156447053
  view-data: 0.3468950353562832
