times:
  edit-metadata: 1.2861123820766807
  landing: 0.06299666967242956
  view-data: 0.3065941771492362
