times:
  edit-metadata: 1.3194990884512663
  landing: 0.07477569859474897
  view-data: 0.34677509032189846
