times:
  edit-metadata: 1.2596235563978553
  landing: 0.07363282609730959
  view-data: 0.3267511632293463
