times:
  edit-metadata: 1.2741381488740444
  landing: 0.06908308435231447
  view-data: 0.3202023124322295
