times:
  edit-metadata: 1.253548039123416
  landing: 0.05399861093610525
  view-data: 0.327109145000577
