times:
  edit-metadata: 1.257914668880403
  landing: 0.0566385043784976
  view-data: 0.3498723655939102
