times:
  edit-metadata: 1.2610672805458307
  landing: 0.06869208347052336
  view-data: 0.3190731154754758
