times:
  edit-metadata: 1.250830720178783
  landing: 0.06454458925873041
  view-data: 0.445629064925015
