times:
  edit-metadata: 1.2838323106989264
  landing: 0.06892069429159164
  view-data: 0.34263990353792906
