times:
  edit-metadata: 1.3210271457210183
  landing: 0.06298773735761642
  view-data: 0.33129083178937435
