times:
  edit-metadata: 1.2573698153719306
  landing: 0.06580146681517363
  view-data: 0.33480454236268997
