times:
  edit-metadata: 1.2822065614163876
  landing: 0.06496634148061275
  view-data: 0.3235157700255513
