times:
  edit-metadata: 1.2675459804013371
  landing: 0.06498285382986069
  view-data: 0.31451835483312607
