times:
  edit-metadata: 1.2597946375608444
  landing: 0.06754340697079897
  view-data: 0.33315595984458923
