times:
  edit-metadata: 1.2570863654837012
  landing: 0.07552038598805666
  view-data: 0.32199661061167717
