times:
  edit-metadata: 1.2896928787231445
  landing: 0.05132266599684954
  view-data: 0.3242175495252013
