times:
  edit-metadata: 1.3110119234770536
  landing: 0.0693797217682004
  view-data: 0.3367706835269928
