times:
  edit-metadata: 1.262349659577012
  landing: 0.05805882252752781
  view-data: 0.3292272835969925
