times:
  edit-metadata: 1.2936895340681076
  landing: 0.06607295200228691
  view-data: 0.3332194536924362
