times:
  edit-metadata: 1.2768368683755398
  landing: 0.06433942262083292
  view-data: 0.3210735907778144
