times:
  edit-metadata: 1.260667304508388
  landing: 0.0602328572422266
  view-data: 0.32906769029796124
