times:
  edit-metadata: 1.263938465155661
  landing: 0.06587610393762589
  view-data: 0.3082150835543871
