times:
  edit-metadata: 1.2830096194520593
  landing: 0.07598930038511753
  view-data: 0.3260216536000371
