times:
  edit-metadata: 1.2797735203057528
  landing: 0.07135212048888206
  view-data: 0.36663382314145565
