times:
  edit-metadata: 1.7612212067469954
  landing: 0.06443083751946688
  view-data: 0.3402003049850464
