times:
  edit-metadata: 1.774700035341084
  landing: 0.06963229645043612
  view-data: 0.3284897170960903
