times:
  edit-metadata: 1.8165905475616455
  landing: 0.06586660351604223
  view-data: 0.3124870676547289
