times:
  edit-metadata: 1.8243723614141345
  landing: 0.06442821491509676
  view-data: 0.32058762293308973
