times:
  edit-metadata: 1.729855285026133
  landing: 0.061379171907901764
  view-data: 0.32464658934623003
