times:
  edit-metadata: 1.7250392884016037
  landing: 0.06641967128962278
  view-data: 0.31219001952558756
