times:
  edit-metadata: 1.8089949022978544
  landing: 0.07168097607791424
  view-data: 0.33523194678127766
