times:
  edit-metadata: 1.6618520487099886
  landing: 0.06450336053967476
  view-data: 0.33749019261449575
