times:
  edit-metadata: 1.6254892237484455
  landing: 0.06542242132127285
  view-data: 0.3254504920914769
