times:
  edit-metadata: 1.7047492675483227
  landing: 0.06394252926111221
  view-data: 0.3184248311445117
