times:
  edit-metadata: 1.717724146321416
  landing: 0.06708704307675362
  view-data: 0.3335394086316228
