times:
  edit-metadata: 1.6514934664592147
  landing: 0.06431843340396881
  view-data: 0.3314478788524866
