times:
  edit-metadata: 1.778453758917749
  landing: 0.06255500577390194
  view-data: 0.3254009447991848
