times:
  edit-metadata: 1.686269424855709
  landing: 0.07189417257905006
  view-data: 0.3227589502930641
