times:
  edit-metadata: 1.188721090555191
  landing: 0.07600347697734833
  view-data: 0.3425148269161582
