times:
  edit-metadata: 1.2442166162654757
  landing: 0.06590118631720543
  view-data: 0.34623990301042795
