times:
  edit-metadata: 1.173404149711132
  landing: 0.05935417115688324
  view-data: 0.34458290692418814
