times:
  edit-metadata: 1.169244570657611
  landing: 0.07090788707137108
  view-data: 0.3432189403101802
