times:
  edit-metadata: 1.1752703953534365
  landing: 0.058470217511057854
  view-data: 0.3255202081054449
