times:
  edit-metadata: 1.2165491115301847
  landing: 0.05916318763047457
  view-data: 0.3395212357863784
