times:
  edit-metadata: 1.173376658000052
  landing: 0.07460878603160381
  view-data: 0.3123188028112054
