times:
  edit-metadata: 1.1894201012328267
  landing: 0.07248032093048096
  view-data: 0.3207846684381366
