times:
  edit-metadata: 1.1731571350246668
  landing: 0.06259476207196712
  view-data: 0.3633005414158106
