times:
  edit-metadata: 1.2495074104517698
  landing: 0.0642016539350152
  view-data: 0.3434369554743171
