times:
  edit-metadata: 1.1914799408987164
  landing: 0.0734589109197259
  view-data: 0.3534825397655368
