times:
  edit-metadata: 1.217910268343985
  landing: 0.07445248868316412
  view-data: 0.3694251477718353
