times:
  edit-metadata: 1.2307902202010155
  landing: 0.07158582005649805
  view-data: 0.3137801671400666
