times:
  edit-metadata: 1.1816905261948705
  landing: 0.06879159528762102
  view-data: 0.31307340878993273
