times:
  edit-metadata: 1.2927525397390127
  landing: 0.06697838380932808
  view-data: 0.32418003492057323
