times:
  edit-metadata: 1.2799153570085764
  landing: 0.06288733612746
  view-data: 0.3284541182219982
