times:
  edit-metadata: 1.2754824506118894
  landing: 0.05233987607061863
  view-data: 0.3169863950461149
