times:
  edit-metadata: 1.2865654984489083
  landing: 0.0703915162011981
  view-data: 0.3340529389679432
