times:
  edit-metadata: 1.2812250750139356
  landing: 0.06350292731076479
  view-data: 0.3242980130016804
