times:
  edit-metadata: 1.2738052541390061
  landing: 0.06117169093340635
  view-data: 0.3200450502336025
