times:
  edit-metadata: 1.2994691021740437
  landing: 0.0671465415507555
  view-data: 0.31736117135733366
