times:
  edit-metadata: 1.4867622843012214
  landing: 0.0680815102532506
  view-data: 0.3213950842618942
