times:
  edit-metadata: 1.5356401111930609
  landing: 0.0676612127572298
  view-data: 0.3143236404284835
