times:
  edit-metadata: 1.4708309546113014
  landing: 0.07272727135568857
  view-data: 0.3389681624248624
