times:
  edit-metadata: 1.4900181321427226
  landing: 0.06732301879674196
  view-data: 0.31579008139669895
