times:
  edit-metadata: 1.5141896912828088
  landing: 0.06872156169265509
  view-data: 0.3288593664765358
