times:
  edit-metadata: 1.4745592586696148
  landing: 0.0657603470608592
  view-data: 0.31659505888819695
