times:
  edit-metadata: 1.4874078193679452
  landing: 0.07668403442949057
  view-data: 0.31330927088856697
