times:
  edit-metadata: 1.3473244588822126
  landing: 0.0676952414214611
  view-data: 0.3156090071424842
