times:
  edit-metadata: 1.2938542664051056
  landing: 0.06128181889653206
  view-data: 0.3291413765400648
