times:
  edit-metadata: 1.2675118064507842
  landing: 0.06686628237366676
  view-data: 0.3420212743803859
