times:
  edit-metadata: 1.3847245322540402
  landing: 0.06588713079690933
  view-data: 0.32181765232235193
