times:
  edit-metadata: 1.3949160790070891
  landing: 0.07067245058715343
  view-data: 0.295366495847702
