times:
  edit-metadata: 1.2890093252062798
  landing: 0.06539009883999825
  view-data: 0.3314759498462081
