times:
  edit-metadata: 1.266394717618823
  landing: 0.075200947932899
  view-data: 0.3108525425195694
