times:
  edit-metadata: 1.3054552115499973
  landing: 0.0750601477921009
  view-data: 0.3331177160143852
