times:
  edit-metadata: 1.4095656918361783
  landing: 0.06706050783395767
  view-data: 0.32605566550046206
