times:
  edit-metadata: 1.3040823182091117
  landing: 0.06528329011052847
  view-data: 0.3044457323849201
