times:
  edit-metadata: 1.2734487056732178
  landing: 0.06843807268887758
  view-data: 0.3307140255346894
