times:
  edit-metadata: 1.3323196563869715
  landing: 0.07477923296391964
  view-data: 0.3133304137736559
