times:
  edit-metadata: 1.3025113577023149
  landing: 0.07004643511027098
  view-data: 0.3208545548841357
