times:
  edit-metadata: 1.3250749437138438
  landing: 0.05692372005432844
  view-data: 0.33187991101294756
