times:
  edit-metadata: 2.541739357635379
  landing: 0.06452069524675608
  view-data: 0.3145682644098997
