times:
  edit-metadata: 2.5654863230884075
  landing: 0.05458875373005867
  view-data: 0.321706410497427
