times:
  edit-metadata: 2.5581714250147343
  landing: 0.05295426677912474
  view-data: 0.3221134738996625
