times:
  edit-metadata: 2.5446919575333595
  landing: 0.06607793737202883
  view-data: 0.3274845713749528
