times:
  edit-metadata: 2.571951665915549
  landing: 0.06613858323544264
  view-data: 0.3312253700569272
