times:
  edit-metadata: 2.5305764321237803
  landing: 0.06033459585160017
  view-data: 0.3143855547532439
