times:
  edit-metadata: 2.567482619546354
  landing: 0.071225312538445
  view-data: 0.32143797911703587
