times:
  edit-metadata: 1.8886998193338513
  landing: 0.06279253121465445
  view-data: 0.3126874100416899
