times:
  edit-metadata: 1.875397665426135
  landing: 0.051156407222151756
  view-data: 0.32049286272376776
