times:
  edit-metadata: 1.8450747784227133
  landing: 0.07496381644159555
  view-data: 0.3181902300566435
