times:
  edit-metadata: 1.877910234965384
  landing: 0.06230221316218376
  view-data: 0.31333074253052473
