times:
  edit-metadata: 1.8670788640156388
  landing: 0.06276367325335741
  view-data: 0.3356885723769665
