times:
  edit-metadata: 1.9310332983732224
  landing: 0.06139778159558773
  view-data: 0.31495555210858583
