times:
  edit-metadata: 1.9647248089313507
  landing: 0.06632689666002989
  view-data: 0.32325468491762877
