times:
  edit-metadata: 1.2284352565184236
  landing: 0.0651005394756794
  view-data: 0.31316851265728474
