times:
  edit-metadata: 1.196962097659707
  landing: 0.0702182725071907
  view-data: 0.3298926614224911
