times:
  edit-metadata: 1.2205590093508363
  landing: 0.07189215626567602
  view-data: 0.30919371638447046
