times:
  edit-metadata: 1.2169811399653554
  landing: 0.07949132937937975
  view-data: 0.316596956923604
