times:
  edit-metadata: 1.2261134460568428
  landing: 0.06141195073723793
  view-data: 0.34542493242770433
