times:
  edit-metadata: 1.2669912725687027
  landing: 0.05486157909035683
  view-data: 0.3187482338398695
