times:
  edit-metadata: 1.2412551529705524
  landing: 0.06359085254371166
  view-data: 0.30702303536236286
