times:
  edit-metadata: 1.2393039744347334
  landing: 0.06482170429080725
  view-data: 0.3300322340801358
