times:
  edit-metadata: 1.2355377338826656
  landing: 0.06590255349874496
  view-data: 0.31195939891040325
