times:
  edit-metadata: 1.194239255040884
  landing: 0.06754238344728947
  view-data: 0.31492192298173904
