times:
  edit-metadata: 1.267968756146729
  landing: 0.06228257808834314
  view-data: 0.3461804063990712
