times:
  edit-metadata: 1.2147735143080354
  landing: 0.0639548385515809
  view-data: 0.3332162341102958
