times:
  edit-metadata: 1.2217426300048828
  landing: 0.06645767670124769
  view-data: 0.33806260768324137
