times:
  edit-metadata: 1.2002304270863533
  landing: 0.06963533442467451
  view-data: 0.3299782173708081
