times:
  edit-metadata: 1.2602949822321534
  landing: 0.07048956397920847
  view-data: 0.3156034601852298
