times:
  edit-metadata: 1.2087461343035102
  landing: 0.05896782595664263
  view-data: 0.31655716709792614
