times:
  edit-metadata: 1.1721112811937928
  landing: 0.07175002060830593
  view-data: 0.31809512339532375
