times:
  edit-metadata: 1.2228371342644095
  landing: 0.06194595154374838
  view-data: 0.3214767100289464
