times:
  edit-metadata: 1.1869018971920013
  landing: 0.0709088109433651
  view-data: 0.31849075481295586
