times:
  edit-metadata: 1.316259072162211
  landing: 0.06493906769901514
  view-data: 0.3206951627507806
