times:
  edit-metadata: 1.3515927465632558
  landing: 0.06595823634415865
  view-data: 0.3490962376818061
