times:
  edit-metadata: 1.5964579014107585
  landing: 0.06396328192204237
  view-data: 0.3255003709346056
