times:
  edit-metadata: 1.5722469072788954
  landing: 0.054944826290011406
  view-data: 0.3222779147326946
