times:
  edit-metadata: 1.5777966817840934
  landing: 0.07622010633349419
  view-data: 0.3169213207438588
