times:
  edit-metadata: 1.5757229840382934
  landing: 0.06778867729008198
  view-data: 0.33315560687333345
