times:
  edit-metadata: 1.5618191417306662
  landing: 0.06860314402729273
  view-data: 0.31823186203837395
