times:
  edit-metadata: 1.6025455929338932
  landing: 0.059002974070608616
  view-data: 0.31453295052051544
