times:
  edit-metadata: 1.6018868656829
  landing: 0.0619759364053607
  view-data: 0.31932688876986504
