times:
  edit-metadata: 1.2281542057171464
  landing: 0.06101691722869873
  view-data: 0.3143214248120785
