times:
  edit-metadata: 1.2161513892933726
  landing: 0.06749007664620876
  view-data: 0.3219026457518339
