times:
  edit-metadata: 1.227982196956873
  landing: 0.054202533327043056
  view-data: 0.3301267335191369
