times:
  edit-metadata: 1.3171067843213677
  landing: 0.060315041802823544
  view-data: 0.32952844724059105
