times:
  edit-metadata: 1.2152614863589406
  landing: 0.061230313032865524
  view-data: 0.33629909809678793
