times:
  edit-metadata: 1.2701374925673008
  landing: 0.06615917664021254
  view-data: 0.31902093067765236
