times:
  edit-metadata: 1.2661850648000836
  landing: 0.061445034109055996
  view-data: 0.3219630206003785
