times:
  edit-metadata: 1.300182517617941
  landing: 0.05708960350602865
  view-data: 0.31925307400524616
