times:
  edit-metadata: 1.2444311147555709
  landing: 0.078849365003407
  view-data: 0.32223076838999987
