times:
  edit-metadata: 1.2400115747004747
  landing: 0.07688973844051361
  view-data: 0.3283770177513361
