times:
  edit-metadata: 1.2473519695922732
  landing: 0.06342130992561579
  view-data: 0.33306093513965607
