times:
  edit-metadata: 1.2240344425663352
  landing: 0.057879721745848656
  view-data: 0.32040528673678637
