times:
  edit-metadata: 1.3046262143179774
  landing: 0.07444050535559654
  view-data: 0.3086708225309849
