times:
  edit-metadata: 1.2484438512474298
  landing: 0.06208810396492481
  view-data: 0.31522249709814787
