times:
  edit-metadata: 1.5784245301038027
  landing: 0.06198992766439915
  view-data: 0.31929806526750326
