times:
  edit-metadata: 1.6227668393403292
  landing: 0.05973800737410784
  view-data: 0.32249767147004604
