times:
  edit-metadata: 1.6919750422239304
  landing: 0.06788953393697739
  view-data: 0.3225058550015092
