times:
  edit-metadata: 1.5924978191033006
  landing: 0.06861846800893545
  view-data: 0.3360378844663501
