times:
  edit-metadata: 1.6172972805798054
  landing: 0.059332807548344135
  view-data: 0.3283557649701834
