times:
  edit-metadata: 1.5410847254097462
  landing: 0.0647488422691822
  view-data: 0.31512158550322056
