times:
  edit-metadata: 1.5742539959028363
  landing: 0.060706183314323425
  view-data: 0.3052058210596442
