times:
  edit-metadata: 1.7017413545399904
  landing: 0.05727442819625139
  view-data: 0.32509682048112154
