times:
  edit-metadata: 1.6560061192139983
  landing: 0.06564660277217627
  view-data: 0.326754548586905
