times:
  edit-metadata: 1.6142011368647218
  landing: 0.05944960564374924
  view-data: 0.3200047919526696
