times:
  edit-metadata: 1.6711814645677805
  landing: 0.055685168132185936
  view-data: 0.31671744864434004
