times:
  edit-metadata: 1.638456373475492
  landing: 0.06344911362975836
  view-data: 0.32157631777226925
