times:
  edit-metadata: 1.712202318944037
  landing: 0.06265372131019831
  view-data: 0.3112890161573887
