times:
  edit-metadata: 1.6919333329424262
  landing: 0.06501555163413286
  view-data: 0.3240205040201545
