times:
  edit-metadata: 1.230380387045443
  landing: 0.07094781659543514
  view-data: 0.32434641662985086
