times:
  edit-metadata: 1.1581067340448499
  landing: 0.06723245698958635
  view-data: 0.3398925047367811
