times:
  edit-metadata: 1.1387358084321022
  landing: 0.07182793971151114
  view-data: 0.3064328348264098
