times:
  edit-metadata: 1.2200748920440674
  landing: 0.06957829836755991
  view-data: 0.30977790988981724
