times:
  edit-metadata: 1.15934419631958
  landing: 0.07557679060846567
  view-data: 0.30490760412067175
