times:
  edit-metadata: 1.2259217593818903
  landing: 0.07625241950154305
  view-data: 0.3247177302837372
