times:
  edit-metadata: 1.1476317448541522
  landing: 0.07051553390920162
  view-data: 0.31583941727876663
