times:
  edit-metadata: 1.181064983829856
  landing: 0.055429354310035706
  view-data: 0.33629174809902906
