times:
  edit-metadata: 1.1365653602406383
  landing: 0.07016989588737488
  view-data: 0.323797888122499
