times:
  edit-metadata: 1.1626992737874389
  landing: 0.07368134241551161
  view-data: 0.3161684963852167
