times:
  edit-metadata: 1.1659920830279589
  landing: 0.06760826706886292
  view-data: 0.3491509510204196
