times:
  edit-metadata: 1.152917381376028
  landing: 0.06836646236479282
  view-data: 0.3288637073710561
