times:
  edit-metadata: 1.214065708220005
  landing: 0.071120360866189
  view-data: 0.3227296816185117
