times:
  edit-metadata: 1.86414813157171
  landing: 0.07285578455775976
  view-data: 0.3312683394178748
