times:
  edit-metadata: 1.8570823976770043
  landing: 0.058712344616651535
  view-data: 0.3242515726014972
