times:
  edit-metadata: 1.869937377050519
  landing: 0.05363558977842331
  view-data: 0.317599561996758
