times:
  edit-metadata: 1.847605288028717
  landing: 0.07262323331087828
  view-data: 0.3164048958569765
