times:
  edit-metadata: 1.8485885569825768
  landing: 0.06325812730938196
  view-data: 0.3274826603010297
