times:
  edit-metadata: 1.8457459397614002
  landing: 0.06061739753931761
  view-data: 0.44971728324890137
