times:
  edit-metadata: 1.8535626865923405
  landing: 0.06960161216557026
  view-data: 0.30870645493268967
