times:
  edit-metadata: 4.490397175773978
  landing: 0.05994895659387112
  view-data: 0.33314785547554493
