times:
  edit-metadata: 4.3920742478221655
  landing: 0.0652042431756854
  view-data: 0.33254108391702175
