times:
  edit-metadata: 4.57556558214128
  landing: 0.06869097705930471
  view-data: 0.34764975029975176
