times:
  edit-metadata: 4.466330002062023
  landing: 0.059419889003038406
  view-data: 0.3237031660974026
