times:
  edit-metadata: 4.419955985620618
  landing: 0.0694124149158597
  view-data: 0.4339077705517411
