times:
  edit-metadata: 4.431973705068231
  landing: 0.07090953644365072
  view-data: 0.32801052182912827
