times:
  edit-metadata: 4.501160471700132
  landing: 0.06444396264851093
  view-data: 0.3436828972771764
