times:
  edit-metadata: 1.5146950306370854
  landing: 0.05896865949034691
  view-data: 0.316992056556046
