times:
  edit-metadata: 1.5456380099058151
  landing: 0.07166156265884638
  view-data: 0.31474790442734957
