times:
  edit-metadata: 1.561988822184503
  landing: 0.06631598994135857
  view-data: 0.30836325604468584
