times:
  edit-metadata: 1.5596206737682223
  landing: 0.06187310069799423
  view-data: 0.3234740737825632
