times:
  edit-metadata: 1.6399512952193618
  landing: 0.06374364998191595
  view-data: 0.33053183183074
