times:
  edit-metadata: 1.5871050236746669
  landing: 0.07143441960215569
  view-data: 0.31851840671151876
