times:
  edit-metadata: 1.5462888032197952
  landing: 0.07671746425330639
  view-data: 0.32341758254915476
