times:
  edit-metadata: 1.2248158901929855
  landing: 0.06759665906429291
  view-data: 0.3201376274228096
