times:
  edit-metadata: 1.2170569142326713
  landing: 0.060293314047157764
  view-data: 0.3192124404013157
