times:
  edit-metadata: 1.1522340271621943
  landing: 0.06596554350107908
  view-data: 0.3240980692207813
