times:
  edit-metadata: 1.1660639271140099
  landing: 0.07111135870218277
  view-data: 0.31493933964520693
