times:
  edit-metadata: 1.1474265148863196
  landing: 0.059835074469447136
  view-data: 0.3108324585482478
