times:
  edit-metadata: 1.1499009616672993
  landing: 0.06864381581544876
  view-data: 0.3291290579363704
