times:
  edit-metadata: 1.1396644581109285
  landing: 0.07664344366639853
  view-data: 0.3180705290287733
