times:
  edit-metadata: 1.170080203562975
  landing: 0.05981310736387968
  view-data: 0.3268360551446676
