times:
  edit-metadata: 1.1552969180047512
  landing: 0.07055879849940538
  view-data: 0.3228993732482195
