times:
  edit-metadata: 1.1880845976993442
  landing: 0.0627950755879283
  view-data: 0.3132996754720807
