times:
  edit-metadata: 1.1599295241758227
  landing: 0.07014829851686954
  view-data: 0.3296129461377859
