times:
  edit-metadata: 1.155067391693592
  landing: 0.06359737552702427
  view-data: 0.31600357219576836
