times:
  edit-metadata: 1.1964193629100919
  landing: 0.06199661735445261
  view-data: 0.3147998368367553
