times:
  edit-metadata: 1.2120130266994238
  landing: 0.07452346757054329
  view-data: 0.31703004986047745
