times:
  edit-metadata: 1.2447234438732266
  landing: 0.058656574226915836
  view-data: 0.3276158096268773
