times:
  edit-metadata: 1.194821286946535
  landing: 0.07018556073307991
  view-data: 0.3060965286567807
