times:
  edit-metadata: 1.2328681237995625
  landing: 0.058852456510066986
  view-data: 0.34331117756664753
