times:
  edit-metadata: 1.208257774822414
  landing: 0.0632877005264163
  view-data: 0.3188114473596215
