times:
  edit-metadata: 1.202810550108552
  landing: 0.04612191021442413
  view-data: 0.3132015699520707
