times:
  edit-metadata: 1.2320049339905381
  landing: 0.08277965150773525
  view-data: 0.31782252714037895
