times:
  edit-metadata: 1.2049891157075763
  landing: 0.06891565676778555
  view-data: 0.3363091330975294
