times:
  edit-metadata: 1.2348665045574307
  landing: 0.0783755648881197
  view-data: 0.32110825926065445
