times:
  edit-metadata: 1.1816677628085017
  landing: 0.07130112964659929
  view-data: 0.3359859911724925
