times:
  edit-metadata: 1.2210744246840477
  landing: 0.059436106123030186
  view-data: 0.3193033579736948
