times:
  edit-metadata: 1.2288491511717439
  landing: 0.06972531415522099
  view-data: 0.31371941324323416
