times:
  edit-metadata: 1.2007963173091412
  landing: 0.06127920188009739
  view-data: 0.3220941014587879
