times:
  edit-metadata: 1.3411556398496032
  landing: 0.06294778641313314
  view-data: 0.3277199547737837
