times:
  edit-metadata: 1.2186698783189058
  landing: 0.0713124331086874
  view-data: 0.3309960877522826
