times:
  edit-metadata: 1.219425325281918
  landing: 0.062000554986298084
  view-data: 0.31453264132142067
