times:
  edit-metadata: 1.2303007869049907
  landing: 0.0761518431827426
  view-data: 0.340704177506268
