times:
  edit-metadata: 1.2722128108143806
  landing: 0.06514277774840593
  view-data: 0.30587467178702354
