times:
  edit-metadata: 1.2147895079106092
  landing: 0.05932316463440657
  view-data: 0.3238720865920186
