times:
  edit-metadata: 1.2373821213841438
  landing: 0.06414173822849989
  view-data: 0.3238284969702363
