times:
  edit-metadata: 1.2302220296114683
  landing: 0.06535199005156755
  view-data: 0.3171129012480378
