times:
  edit-metadata: 1.2123457798734307
  landing: 0.06458580773323774
  view-data: 0.3226520735770464
