times:
  edit-metadata: 1.3415479296818376
  landing: 0.06150260753929615
  view-data: 0.31036021560430527
