times:
  edit-metadata: 1.3431230168789625
  landing: 0.06182386912405491
  view-data: 0.32595708686858416
