times:
  edit-metadata: 1.3452157489955425
  landing: 0.0666927918791771
  view-data: 0.3275972781702876
