times:
  edit-metadata: 1.341273207217455
  landing: 0.06027487479150295
  view-data: 0.30531252082437277
