times:
  edit-metadata: 1.3179726339876652
  landing: 0.07202109321951866
  view-data: 0.3196875425055623
