times:
  edit-metadata: 1.3184701846912503
  landing: 0.05300790257751942
  view-data: 0.33258133474737406
