times:
  edit-metadata: 1.3595280386507511
  landing: 0.06041153520345688
  view-data: 0.3119919216260314
