times:
  edit-metadata: 1.2861637026071548
  landing: 0.06774638127535582
  view-data: 0.32675438933074474
