times:
  edit-metadata: 1.2670426657423377
  landing: 0.0637895381078124
  view-data: 0.33753771241754293
