times:
  edit-metadata: 1.329613083973527
  landing: 0.06334928423166275
  view-data: 0.442656222730875
