times:
  edit-metadata: 1.2896136045455933
  landing: 0.06711570359766483
  view-data: 0.30530936550348997
