times:
  edit-metadata: 1.2606554068624973
  landing: 0.07409263122826815
  view-data: 0.3222652981057763
