times:
  edit-metadata: 1.3080960344523191
  landing: 0.06704902276396751
  view-data: 0.316815834492445
