times:
  edit-metadata: 1.2772089652717113
  landing: 0.06170890387147665
  view-data: 0.3461131602525711
