times:
  edit-metadata: 1.5756392730399966
  landing: 0.060364692471921444
  view-data: 0.31433464493602514
