times:
  edit-metadata: 1.631449137814343
  landing: 0.06412923336029053
  view-data: 0.48061707336455584
