times:
  edit-metadata: 1.5610353844240308
  landing: 0.062230720184743404
  view-data: 0.353206523694098
