times:
  edit-metadata: 1.6317881550639868
  landing: 0.08174477238208055
  view-data: 0.32161580212414265
