times:
  edit-metadata: 1.5505588660016656
  landing: 0.06175076588988304
  view-data: 0.30873561277985573
