times:
  edit-metadata: 1.587493285536766
  landing: 0.06026424095034599
  view-data: 0.315288663841784
