times:
  edit-metadata: 1.6587272435426712
  landing: 0.06446177512407303
  view-data: 0.3449252871796489
