times:
  edit-metadata: 1.3122932463884354
  landing: 0.061853308230638504
  view-data: 0.3133990503847599
