times:
  edit-metadata: 1.2863906417042017
  landing: 0.0751752220094204
  view-data: 0.32344250846654177
