times:
  edit-metadata: 1.2905063116922975
  landing: 0.06893532257527113
  view-data: 0.317163179628551
