times:
  edit-metadata: 1.3117050668224692
  landing: 0.06279191374778748
  view-data: 0.3101714542135596
