times:
  edit-metadata: 1.2769431043416262
  landing: 0.06749166361987591
  view-data: 0.3172611650079489
