times:
  edit-metadata: 1.286992304958403
  landing: 0.06234978977590799
  view-data: 0.3181283511221409
