times:
  edit-metadata: 1.2514496240764856
  landing: 0.06783118564635515
  view-data: 0.3380219815298915
