times:
  edit-metadata: 1.1687933849170804
  landing: 0.07320776116102934
  view-data: 0.3139288490638137
