times:
  edit-metadata: 1.140435772947967
  landing: 0.05383969284594059
  view-data: 0.3272682083770633
