times:
  edit-metadata: 1.145610867999494
  landing: 0.06808890867978334
  view-data: 0.31515858974307775
