times:
  edit-metadata: 1.1893601892516017
  landing: 0.06440690159797668
  view-data: 0.34141106344759464
