times:
  edit-metadata: 1.1724750893190503
  landing: 0.05870696250349283
  view-data: 0.3418909106403589
