times:
  edit-metadata: 1.1501467749476433
  landing: 0.06472387071698904
  view-data: 0.31055555399507284
