times:
  edit-metadata: 1.182121035642922
  landing: 0.06943534966558218
  view-data: 0.3306902516633272
