times:
  edit-metadata: 1.1479874309152365
  landing: 0.0713264150545001
  view-data: 0.30808450002223253
