times:
  edit-metadata: 1.1369287455454469
  landing: 0.07276623230427504
  view-data: 0.30938075575977564
