times:
  edit-metadata: 1.1375701874494553
  landing: 0.06772845983505249
  view-data: 0.3056741999462247
