times:
  edit-metadata: 1.1574790040031075
  landing: 0.06669207382947206
  view-data: 0.3289799364283681
