times:
  edit-metadata: 1.1552523951977491
  landing: 0.06316748261451721
  view-data: 0.3216949114575982
