times:
  edit-metadata: 1.1709202760830522
  landing: 0.06697306409478188
  view-data: 0.3431617096066475
