times:
  edit-metadata: 1.181288835592568
  landing: 0.05877834931015968
  view-data: 0.3321376033127308
