times:
  edit-metadata: 1.306297636590898
  landing: 0.062148467637598515
  view-data: 0.3156313542276621
