times:
  edit-metadata: 1.2643590280786157
  landing: 0.06709567923098803
  view-data: 0.33890727162361145
