times:
  edit-metadata: 1.3692018752917647
  landing: 0.07047641836106777
  view-data: 0.3671160042285919
