times:
  edit-metadata: 1.2943370817229152
  landing: 0.0679878843948245
  view-data: 0.29566348902881145
