times:
  edit-metadata: 1.2562805889174342
  landing: 0.06016598269343376
  view-data: 0.3098005270585418
