times:
  edit-metadata: 1.2450681868940592
  landing: 0.06427635718137026
  view-data: 0.2952050333842635
