times:
  edit-metadata: 1.2476819138973951
  landing: 0.06764522194862366
  view-data: 0.31895774602890015
