times:
  edit-metadata: 1.29380361456424
  landing: 0.07026020344346762
  view-data: 0.32367696799337864
