times:
  edit-metadata: 1.2600681586191058
  landing: 0.0678283292800188
  view-data: 0.3291359841823578
