times:
  edit-metadata: 1.304885615594685
  landing: 0.06887498591095209
  view-data: 0.33607608545571566
