times:
  edit-metadata: 1.2490928582847118
  landing: 0.07561658043414354
  view-data: 0.3058927617967129
