times:
  edit-metadata: 1.273901017382741
  landing: 0.05082304775714874
  view-data: 0.3316709529608488
