times:
  edit-metadata: 1.3169587757438421
  landing: 0.0666496017947793
  view-data: 0.3113816827535629
