times:
  edit-metadata: 1.3162130154669285
  landing: 0.06885652802884579
  view-data: 0.3159096483141184
