times:
  edit-metadata: 1.1640568068251014
  landing: 0.06374833080917597
  view-data: 0.324665330350399
