times:
  edit-metadata: 1.1372213996946812
  landing: 0.06174992956221104
  view-data: 0.33246024046093225
