times:
  edit-metadata: 1.1557894861325622
  landing: 0.06397947017103434
  view-data: 0.32788777723908424
