times:
  edit-metadata: 1.168311950750649
  landing: 0.06292137037962675
  view-data: 0.33744729962199926
