times:
  edit-metadata: 1.1596961906179786
  landing: 0.06544526107609272
  view-data: 0.322983262129128
