times:
  edit-metadata: 1.2537549594417214
  landing: 0.07461979053914547
  view-data: 0.31405649799853563
