times:
  edit-metadata: 1.1374942027032375
  landing: 0.06430879049003124
  view-data: 0.3166135838255286
