times:
  edit-metadata: 1.2375900810584426
  landing: 0.07139691524207592
  view-data: 0.32872876711189747
