times:
  edit-metadata: 1.2338531408458948
  landing: 0.07503695506602526
  view-data: 0.32876343466341496
