times:
  edit-metadata: 1.1997573524713516
  landing: 0.0728369913995266
  view-data: 0.3146431688219309
