times:
  edit-metadata: 1.2036184864118695
  landing: 0.0634032292291522
  view-data: 0.33937632106244564
