times:
  edit-metadata: 1.1995924087241292
  landing: 0.06478321272879839
  view-data: 0.3196986671537161
