times:
  edit-metadata: 1.2270908216014504
  landing: 0.04406101629137993
  view-data: 0.31687519792467356
