times:
  edit-metadata: 1.2275736378505826
  landing: 0.08057236392050982
  view-data: 0.3230334725230932
