times:
  edit-metadata: 3.4287648238241673
  landing: 0.058678384870290756
  view-data: 0.3233378678560257
