times:
  edit-metadata: 3.509606414474547
  landing: 0.05703976470977068
  view-data: 0.31180083844810724
