times:
  edit-metadata: 3.5518922805786133
  landing: 0.08169733546674252
  view-data: 0.3121342211961746
