times:
  edit-metadata: 3.3906545098870993
  landing: 0.06896933447569609
  view-data: 0.3241955637931824
