times:
  edit-metadata: 3.3937342278659344
  landing: 0.06235244311392307
  view-data: 0.32785824965685606
