times:
  edit-metadata: 3.5167255979031324
  landing: 0.06895142421126366
  view-data: 0.3373126117512584
