times:
  edit-metadata: 3.4300464373081923
  landing: 0.06518443953245878
  view-data: 0.3285910999402404
