times:
  edit-metadata: 1.160644356161356
  landing: 0.045014952309429646
  view-data: 0.3305755462497473
