times:
  edit-metadata: 1.1691352920606732
  landing: 0.06280795484781265
  view-data: 0.34049764461815357
