times:
  edit-metadata: 1.1429642718285322
  landing: 0.06723147723823786
  view-data: 0.31480206549167633
