times:
  edit-metadata: 1.1800469849258661
  landing: 0.06684383098036051
  view-data: 0.3260237630456686
