times:
  edit-metadata: 1.1492634303867817
  landing: 0.0642640208825469
  view-data: 0.31544417049735785
