times:
  edit-metadata: 1.1492952620610595
  landing: 0.06734940875321627
  view-data: 0.3241546107456088
