times:
  edit-metadata: 1.1804584208875895
  landing: 0.062336442060768604
  view-data: 0.31110510416328907
