times:
  edit-metadata: 1.7594306357204914
  landing: 0.059757023118436337
  view-data: 0.3195273894816637
