times:
  edit-metadata: 1.7016742145642638
  landing: 0.06320707406848669
  view-data: 0.3247862020507455
