times:
  edit-metadata: 1.744228639639914
  landing: 0.059891860000789165
  view-data: 0.32042741030454636
