times:
  edit-metadata: 1.7653480088338256
  landing: 0.06559313368052244
  view-data: 0.3288566814735532
