times:
  edit-metadata: 1.7896304531022906
  landing: 0.06521093659102917
  view-data: 0.3301990358158946
