times:
  edit-metadata: 1.7990508498623967
  landing: 0.060430352576076984
  view-data: 0.2944220397621393
