times:
  edit-metadata: 1.7461273921653628
  landing: 0.06649126671254635
  view-data: 0.32189316768199205
