times:
  edit-metadata: 1.2571230912581086
  landing: 0.06625500600785017
  view-data: 0.31794973835349083
