times:
  edit-metadata: 1.2158955885097384
  landing: 0.05735255219042301
  view-data: 0.30373463686555624
