times:
  edit-metadata: 1.2391498601064086
  landing: 0.05904348846524954
  view-data: 0.3244463047012687
