times:
  edit-metadata: 1.1957386182621121
  landing: 0.06921528838574886
  view-data: 0.3142648786306381
