times:
  edit-metadata: 1.2118568671867251
  landing: 0.07094310782849789
  view-data: 0.3327624760568142
