times:
  edit-metadata: 1.2146531799808145
  landing: 0.06582003831863403
  view-data: 0.3233693391084671
