times:
  edit-metadata: 1.2171938922256231
  landing: 0.0592671362683177
  view-data: 0.328130423091352
