times:
  edit-metadata: 2.0426849583163857
  landing: 0.07068404834717512
  view-data: 0.3054407499730587
