times:
  edit-metadata: 2.087192260660231
  landing: 0.05563871096819639
  view-data: 0.3164186319336295
