times:
  edit-metadata: 2.0540282065048814
  landing: 0.07407931238412857
  view-data: 0.3340435680001974
