times:
  edit-metadata: 2.0418641166761518
  landing: 0.05957631208002567
  view-data: 0.3029405092820525
