times:
  edit-metadata: 2.043671458028257
  landing: 0.06979847885668278
  view-data: 0.322798665612936
