times:
  edit-metadata: 2.105526260100305
  landing: 0.07086340617388487
  view-data: 0.3358191568404436
