times:
  edit-metadata: 2.1336167687550187
  landing: 0.06699058786034584
  view-data: 0.31173749174922705
