times:
  edit-metadata: 2.1266502868384123
  landing: 0.06524670403450727
  view-data: 0.32414391823112965
