times:
  edit-metadata: 2.0890326760709286
  landing: 0.06059014890342951
  view-data: 0.31543277483433485
