times:
  edit-metadata: 2.0846387846395373
  landing: 0.06169727537781
  view-data: 0.3170111756771803
