times:
  edit-metadata: 2.055583688430488
  landing: 0.06636572349816561
  view-data: 0.30706083960831165
