times:
  edit-metadata: 2.039183411747217
  landing: 0.070130187086761
  view-data: 0.3438043249770999
