times:
  edit-metadata: 2.123208395205438
  landing: 0.06515447981655598
  view-data: 0.31529123336076736
