times:
  edit-metadata: 1.0526461331173778
  landing: 0.06083179358392954
  view-data: 0.30284991674125195
