times:
  edit-metadata: 1.069056366570294
  landing: 0.07198667712509632
  view-data: 0.33729083742946386
