times:
  edit-metadata: 1.1734901778399944
  landing: 0.07416564226150513
  view-data: 0.3316629780456424
