times:
  edit-metadata: 1.0455985702574253
  landing: 0.05207273177802563
  view-data: 0.31966962944716215
