times:
  edit-metadata: 1.0395286763086915
  landing: 0.06611614394932985
  view-data: 0.32688545528799295
