times:
  edit-metadata: 1.049833714030683
  landing: 0.05883029103279114
  view-data: 0.31497252732515335
