times:
  edit-metadata: 1.058700610883534
  landing: 0.08026405423879623
  view-data: 0.3171932203695178
