times:
  edit-metadata: 1.0336663080379367
  landing: 0.06666837818920612
  view-data: 0.3314498485997319
