times:
  edit-metadata: 1.0301299607381225
  landing: 0.0650407774373889
  view-data: 0.31712301447987556
