times:
  edit-metadata: 1.0784027129411697
  landing: 0.06970744114369154
  view-data: 0.3103166716173291
