times:
  edit-metadata: 1.0543941659852862
  landing: 0.06838309112936258
  view-data: 0.31734306924045086
