times:
  edit-metadata: 1.049371799454093
  landing: 0.07028269674628973
  view-data: 0.3246318157762289
