times:
  edit-metadata: 1.1286343336105347
  landing: 0.06397064123302698
  view-data: 0.32552714087069035
