times:
  edit-metadata: 1.0189071157947183
  landing: 0.065742252394557
  view-data: 0.31148256827145815
