times:
  edit-metadata: 1.2837853757664561
  landing: 0.06826935615390539
  view-data: 0.3424094533547759
