times:
  edit-metadata: 1.2246777806431055
  landing: 0.06066675949841738
  view-data: 0.3049135794863105
