times:
  edit-metadata: 1.266803934238851
  landing: 0.06908013764768839
  view-data: 0.3286405671387911
