times:
  edit-metadata: 1.2700353991240263
  landing: 0.06443667504936457
  view-data: 0.31741132866591215
