times:
  edit-metadata: 1.26592009793967
  landing: 0.06892791576683521
  view-data: 0.3387569347396493
