times:
  edit-metadata: 1.2359576122835279
  landing: 0.07183288130909204
  view-data: 0.3084543440490961
