times:
  edit-metadata: 1.2327024368569255
  landing: 0.06001327279955149
  view-data: 0.31229898892343044
