times:
  edit-metadata: 1.2941258056089282
  landing: 0.07166292890906334
  view-data: 0.308271368034184
