times:
  edit-metadata: 1.258875914849341
  landing: 0.07745283655822277
  view-data: 0.30805148370563984
