times:
  edit-metadata: 1.286019591614604
  landing: 0.07315217982977629
  view-data: 0.30273428931832314
