times:
  edit-metadata: 1.3035735292360187
  landing: 0.05881377216428518
  view-data: 0.3231169115751982
