times:
  edit-metadata: 1.265915533527732
  landing: 0.06313958205282688
  view-data: 0.3214606000110507
