times:
  edit-metadata: 1.3491143323481083
  landing: 0.07021883502602577
  view-data: 0.3177498709410429
