times:
  edit-metadata: 1.3341681072488427
  landing: 0.05966416001319885
  view-data: 0.30443098582327366
