times:
  edit-metadata: 1.2244906481355429
  landing: 0.062068662606179714
  view-data: 0.30411738716065884
