times:
  edit-metadata: 1.254030579701066
  landing: 0.07308471389114857
  view-data: 0.31587055046111345
