times:
  edit-metadata: 1.2408398501574993
  landing: 0.07042549829930067
  view-data: 0.3229340221732855
