times:
  edit-metadata: 1.2343789795413613
  landing: 0.06059843860566616
  view-data: 0.3070020992308855
