times:
  edit-metadata: 1.2399755269289017
  landing: 0.08230146486312151
  view-data: 0.32051546685397625
