times:
  edit-metadata: 1.2084986083209515
  landing: 0.06955593079328537
  view-data: 0.32172342017292976
