times:
  edit-metadata: 1.2261697556823492
  landing: 0.06956387404352427
  view-data: 0.32315086480230093
