times:
  edit-metadata: 8.964863343164325
  landing: 0.05412559024989605
  view-data: 0.3322382681071758
