times:
  edit-metadata: 9.06701790355146
  landing: 0.06609766092151403
  view-data: 0.31957212649285793
