times:
  edit-metadata: 8.973290751688182
  landing: 0.07905438635498285
  view-data: 0.34849673230201006
