times:
  edit-metadata: 8.985003562644124
  landing: 0.06198867689818144
  view-data: 0.32823747489601374
