times:
  edit-metadata: 9.089847807772458
  landing: 0.075412193313241
  view-data: 0.349873811006546
