times:
  edit-metadata: 8.897769219242036
  landing: 0.07032159995287657
  view-data: 0.3146154498681426
