times:
  edit-metadata: 8.989100101403892
  landing: 0.06851720809936523
  view-data: 0.31452020071446896
