times:
  edit-metadata: 1.4668824542313814
  landing: 0.06223972514271736
  view-data: 0.3243322102352977
