times:
  edit-metadata: 1.4611586928367615
  landing: 0.06653873063623905
  view-data: 0.32543210219591856
