times:
  edit-metadata: 1.4786255192011595
  landing: 0.057088290341198444
  view-data: 0.32574517372995615
