times:
  edit-metadata: 1.6045267339795828
  landing: 0.07799290493130684
  view-data: 0.4581505572423339
