times:
  edit-metadata: 1.4913902850821614
  landing: 0.07006010692566633
  view-data: 0.3293714476749301
