times:
  edit-metadata: 1.441677013412118
  landing: 0.06321650836616755
  view-data: 0.3297372506931424
