times:
  edit-metadata: 1.6350261019542813
  landing: 0.07214769441634417
  view-data: 0.3236650824546814
