times:
  edit-metadata: 1.2674859054386616
  landing: 0.07283190172165632
  view-data: 0.324987786822021
