times:
  edit-metadata: 1.2302189953625202
  landing: 0.05831901729106903
  view-data: 0.30486332532018423
