times:
  edit-metadata: 1.294057029299438
  landing: 0.06070790812373161
  view-data: 0.33150557056069374
