times:
  edit-metadata: 1.2679079528898
  landing: 0.07451476063579321
  view-data: 0.323021724820137
