times:
  edit-metadata: 1.2961894171312451
  landing: 0.057625324465334415
  view-data: 0.3215549411252141
