times:
  edit-metadata: 1.2597176022827625
  landing: 0.07232340797781944
  view-data: 0.33747909497469664
