times:
  edit-metadata: 1.2445941995829344
  landing: 0.05815862026065588
  view-data: 0.32998002134263515
