times:
  edit-metadata: 1.7760367700830102
  landing: 0.06722082383930683
  view-data: 0.32307717483490705
