times:
  edit-metadata: 1.7864822167903185
  landing: 0.07501158583909273
  view-data: 0.31636568531394005
