times:
  edit-metadata: 1.7850224515423179
  landing: 0.07613237202167511
  view-data: 0.34018984250724316
