times:
  edit-metadata: 1.797100530937314
  landing: 0.06095293629914522
  view-data: 0.31236323248595
