times:
  edit-metadata: 1.7772984514012933
  landing: 0.07150080054998398
  view-data: 0.2994298031553626
