times:
  edit-metadata: 1.8067610478028655
  landing: 0.06862707063555717
  view-data: 0.3303235936909914
