times:
  edit-metadata: 1.8031515507027507
  landing: 0.05365082994103432
  view-data: 0.3368626171723008
