times:
  edit-metadata: 1.3372854860499501
  landing: 0.05344371125102043
  view-data: 0.3372529521584511
