times:
  edit-metadata: 1.379346951842308
  landing: 0.061314065009355545
  view-data: 0.3297255840152502
