times:
  edit-metadata: 1.3802808886393905
  landing: 0.0633217366412282
  view-data: 0.31937333568930626
