times:
  edit-metadata: 1.3586474591866136
  landing: 0.06512646563351154
  view-data: 0.32539631705731153
