times:
  edit-metadata: 1.3617630256339908
  landing: 0.06051468197256327
  view-data: 0.3116505043581128
