times:
  edit-metadata: 1.389093448407948
  landing: 0.07125750556588173
  view-data: 0.3201060714200139
