times:
  edit-metadata: 1.3573923157528043
  landing: 0.07142982166260481
  view-data: 0.3308832384645939
