times:
  edit-metadata: 1.94034262932837
  landing: 0.06836088187992573
  view-data: 0.3211839599534869
