times:
  edit-metadata: 1.9782815938815475
  landing: 0.07105372380465269
  view-data: 0.3260743245482445
