times:
  edit-metadata: 2.0134785678237677
  landing: 0.06286766286939383
  view-data: 0.3258335618302226
