times:
  edit-metadata: 1.9315598867833614
  landing: 0.0662311939522624
  view-data: 0.3219132423400879
