times:
  edit-metadata: 1.970999639481306
  landing: 0.05243552662432194
  view-data: 0.3172360695898533
