times:
  edit-metadata: 1.9545454597100616
  landing: 0.062281872145831585
  view-data: 0.3056936655193567
