times:
  edit-metadata: 1.9584507504478097
  landing: 0.05932485684752464
  view-data: 0.3170410916209221
