times:
  edit-metadata: 1.2595606399700046
  landing: 0.07866482902318239
  view-data: 0.31683915108442307
