times:
  edit-metadata: 1.2938385298475623
  landing: 0.0608794279396534
  view-data: 0.32197571638971567
