times:
  edit-metadata: 1.2322535496205091
  landing: 0.06899647321552038
  view-data: 0.3138526249676943
