times:
  edit-metadata: 1.2917795209214091
  landing: 0.06688734423369169
  view-data: 0.3261569244787097
