times:
  edit-metadata: 1.2861885484308004
  landing: 0.07555501535534859
  view-data: 0.3369431709870696
