times:
  edit-metadata: 1.2830016016960144
  landing: 0.07018571719527245
  view-data: 0.3284539608284831
