times:
  edit-metadata: 1.2819838477298617
  landing: 0.05008512083441019
  view-data: 0.32006227783858776
