times:
  edit-metadata: 1.2390538165345788
  landing: 0.07018094789236784
  view-data: 0.3225222146138549
