times:
  edit-metadata: 1.2410691371187568
  landing: 0.07239813916385174
  view-data: 0.33860015124082565
