times:
  edit-metadata: 1.253352902829647
  landing: 0.06452316511422396
  view-data: 0.31583713460713625
