times:
  edit-metadata: 1.26119186822325
  landing: 0.06535291112959385
  view-data: 0.3104543136432767
