times:
  edit-metadata: 1.2689510118216276
  landing: 0.0619474733248353
  view-data: 0.3237322214990854
