times:
  edit-metadata: 1.3008603975176811
  landing: 0.059666093438863754
  view-data: 0.31998592894524336
