times:
  edit-metadata: 1.2229171646758914
  landing: 0.06969691999256611
  view-data: 0.32966644037514925
