times:
  edit-metadata: 1.3122569248080254
  landing: 0.05942389275878668
  view-data: 0.31623338256031275
