times:
  edit-metadata: 1.2820687042549253
  landing: 0.0723536778241396
  view-data: 0.3211453212425113
