times:
  edit-metadata: 1.3188641518354416
  landing: 0.06204260420054197
  view-data: 0.31295339670032263
