times:
  edit-metadata: 1.2957853935658932
  landing: 0.06094541307538748
  view-data: 0.3167818859219551
