times:
  edit-metadata: 1.3144349213689566
  landing: 0.0657434081658721
  view-data: 0.32331572100520134
