times:
  edit-metadata: 1.2699672561138868
  landing: 0.0686852103099227
  view-data: 0.3168862434104085
