times:
  edit-metadata: 1.2825597785413265
  landing: 0.0683348486199975
  view-data: 0.31378559302538633
