times:
  edit-metadata: 1.3965323017910123
  landing: 0.06287103425711393
  view-data: 0.3349868794903159
