times:
  edit-metadata: 1.252280849032104
  landing: 0.0626259297132492
  view-data: 0.3305195886641741
