times:
  edit-metadata: 1.3494988027960062
  landing: 0.059066418558359146
  view-data: 0.30711831245571375
