times:
  edit-metadata: 1.230800760909915
  landing: 0.06800681259483099
  view-data: 0.33214305248111486
