times:
  edit-metadata: 1.2229220317676663
  landing: 0.07313336059451103
  view-data: 0.3180867051705718
