times:
  edit-metadata: 1.2387981619685888
  landing: 0.06484758760780096
  view-data: 0.3186105899512768
