times:
  edit-metadata: 1.229675349779427
  landing: 0.06813937425613403
  view-data: 0.32047653943300247
