times:
  edit-metadata: 1.4462749371305108
  landing: 0.09977489896118641
  view-data: 0.33449635561555624
