times:
  edit-metadata: 1.341809282079339
  landing: 0.06956584751605988
  view-data: 0.3196647595614195
