times:
  edit-metadata: 1.315765479579568
  landing: 0.05425949767231941
  view-data: 0.3152166660875082
