times:
  edit-metadata: 1.326496540568769
  landing: 0.06924337334930897
  view-data: 0.3173593655228615
