times:
  edit-metadata: 1.3881186647340655
  landing: 0.07482389267534018
  view-data: 0.31557062081992626
