times:
  edit-metadata: 1.3688354762271047
  landing: 0.06122460402548313
  view-data: 0.30779563914984465
