times:
  edit-metadata: 1.3924494134262204
  landing: 0.0726242121309042
  view-data: 0.30056073796004057
