times:
  edit-metadata: 1.201527589932084
  landing: 0.07144034653902054
  view-data: 0.3170864526182413
