times:
  edit-metadata: 1.2517101867124438
  landing: 0.06303961109369993
  view-data: 0.3121562646701932
