times:
  edit-metadata: 1.2185084531083703
  landing: 0.07425466179847717
  view-data: 0.3078806260600686
