times:
  edit-metadata: 1.2109981048852205
  landing: 0.0586413973942399
  view-data: 0.32349245250225067
