times:
  edit-metadata: 1.2183134062215686
  landing: 0.0586274703964591
  view-data: 0.3180627692490816
