times:
  edit-metadata: 1.2568435473367572
  landing: 0.0857415534555912
  view-data: 0.31376626528799534
