times:
  edit-metadata: 1.2265644315630198
  landing: 0.0815173527225852
  view-data: 0.37987382244318724
