times:
  edit-metadata: 1.235595092177391
  landing: 0.07061726693063974
  view-data: 0.33839424792677164
