times:
  edit-metadata: 1.2160847736522555
  landing: 0.0695529617369175
  view-data: 0.3263678168877959
