times:
  edit-metadata: 1.242209299467504
  landing: 0.05980178527534008
  view-data: 0.315124505199492
