times:
  edit-metadata: 1.3328012954443693
  landing: 0.06643057987093925
  view-data: 0.3077117297798395
