times:
  edit-metadata: 1.2286758664995432
  landing: 0.0630855280905962
  view-data: 0.3168107457458973
