times:
  edit-metadata: 1.2916835686191916
  landing: 0.05697061028331518
  view-data: 0.32034454587846994
