times:
  edit-metadata: 1.2595660164952278
  landing: 0.06779422704130411
  view-data: 0.3278113203123212
