times:
  edit-metadata: 1.2193840369582176
  landing: 0.0614904323592782
  view-data: 0.31997279450297356
