times:
  edit-metadata: 1.2624332373961806
  landing: 0.05927702970802784
  view-data: 0.32746998220682144
