times:
  edit-metadata: 1.2208191631361842
  landing: 0.06470506265759468
  view-data: 0.3267557229846716
