times:
  edit-metadata: 1.2442086627706885
  landing: 0.07333044707775116
  view-data: 0.3227277658879757
