times:
  edit-metadata: 1.2313984772190452
  landing: 0.06775823701173067
  view-data: 0.3108417522162199
