times:
  edit-metadata: 1.2457944061607122
  landing: 0.057296525686979294
  view-data: 0.31584656704217196
