times:
  edit-metadata: 1.22266167961061
  landing: 0.060271719470620155
  view-data: 0.31001157127320766
