times:
  edit-metadata: 1.2188596660271287
  landing: 0.06022622901946306
  view-data: 0.31487205903977156
