times:
  edit-metadata: 1.2045135367661715
  landing: 0.08053491450846195
  view-data: 0.3299713730812073
