times:
  edit-metadata: 1.1848647026345134
  landing: 0.06218847166746855
  view-data: 0.3260268773883581
