times:
  edit-metadata: 1.2583542447537184
  landing: 0.06357949133962393
  view-data: 0.3288453668355942
