times:
  edit-metadata: 1.2121853539720178
  landing: 0.062364062294363976
  view-data: 0.32401006016880274
