times:
  edit-metadata: 1.2111783446744084
  landing: 0.07258617877960205
  view-data: 0.32686846423894167
