times:
  edit-metadata: 1.2199122412130237
  landing: 0.0653378777205944
  view-data: 0.3146591456606984
