times:
  edit-metadata: 1.9474211847409606
  landing: 0.061343343928456306
  view-data: 0.3269602730870247
