times:
  edit-metadata: 1.9188356958329678
  landing: 0.06801899988204241
  view-data: 0.33099538646638393
