times:
  edit-metadata: 1.9150940980762243
  landing: 0.06323482561856508
  view-data: 0.3015100173652172
