times:
  edit-metadata: 1.9233703520148993
  landing: 0.06721144914627075
  view-data: 0.31073467899113894
