times:
  edit-metadata: 1.9050499787554145
  landing: 0.06744206137955189
  view-data: 0.3221666691824794
