times:
  edit-metadata: 1.9715320728719234
  landing: 0.06349457800388336
  view-data: 0.3269937317818403
