times:
  edit-metadata: 1.9223744729533792
  landing: 0.06063925474882126
  view-data: 0.3148469254374504
