times:
  edit-metadata: 2.4336100686341524
  landing: 0.08294893987476826
  view-data: 0.31766551081091166
