times:
  edit-metadata: 2.3810005923733115
  landing: 0.05902036651968956
  view-data: 0.3124050199985504
