times:
  edit-metadata: 2.407016175799072
  landing: 0.0558607280254364
  view-data: 0.32314382679760456
