times:
  edit-metadata: 2.3850483745336533
  landing: 0.06259875278919935
  view-data: 0.3369220579043031
