times:
  edit-metadata: 2.4389912877231836
  landing: 0.06345723383128643
  view-data: 0.3177846083417535
