times:
  edit-metadata: 2.5095229810103774
  landing: 0.059105588123202324
  view-data: 0.33557910192757845
