times:
  edit-metadata: 2.444157227873802
  landing: 0.06726197805255651
  view-data: 0.3125919606536627
