times:
  edit-metadata: 1.3367596669122577
  landing: 0.06867323443293571
  view-data: 0.31818367075175047
