times:
  edit-metadata: 1.3176680579781532
  landing: 0.05745061859488487
  view-data: 0.3136067381128669
