times:
  edit-metadata: 1.3333743661642075
  landing: 0.06200642418116331
  view-data: 0.305812050588429
