times:
  edit-metadata: 1.3318185843527317
  landing: 0.06685862224549055
  view-data: 0.31223784666508436
