times:
  edit-metadata: 1.328168156556785
  landing: 0.06377613544464111
  view-data: 0.31975558679550886
