times:
  edit-metadata: 1.282066086307168
  landing: 0.0712092723697424
  view-data: 0.32952613197267056
