times:
  edit-metadata: 1.380938165821135
  landing: 0.07017077133059502
  view-data: 0.304918622598052
