times:
  edit-metadata: 1.3339660130441189
  landing: 0.053358299657702446
  view-data: 0.3336757952347398
