times:
  edit-metadata: 1.35580681450665
  landing: 0.06262476742267609
  view-data: 0.33606405556201935
