times:
  edit-metadata: 1.3291814243420959
  landing: 0.06885164137929678
  view-data: 0.31964499596506357
