times:
  edit-metadata: 1.3307680180296302
  landing: 0.06609577219933271
  view-data: 0.32796586491167545
