times:
  edit-metadata: 1.22446043882519
  landing: 0.07129330933094025
  view-data: 0.3235748251900077
