times:
  edit-metadata: 1.3020552657544613
  landing: 0.06841780710965395
  view-data: 0.33781713619828224
