times:
  edit-metadata: 1.3425412746146321
  landing: 0.0707625886425376
  view-data: 0.30708196572959423
