times:
  edit-metadata: 2.197086388245225
  landing: 0.06614353600889444
  view-data: 0.3263233881443739
