times:
  edit-metadata: 2.2187830060720444
  landing: 0.06630248110741377
  view-data: 0.3074030131101608
