times:
  edit-metadata: 2.2282985262572765
  landing: 0.06296033505350351
  view-data: 0.30826672445982695
