times:
  edit-metadata: 2.2111383751034737
  landing: 0.06661628745496273
  view-data: 0.31472848542034626
