times:
  edit-metadata: 2.2766028605401516
  landing: 0.06683869287371635
  view-data: 0.31721647549420595
