times:
  edit-metadata: 2.2255474105477333
  landing: 0.07468199729919434
  view-data: 0.3237565718591213
