times:
  edit-metadata: 2.2824816638603806
  landing: 0.06674137152731419
  view-data: 0.32281557749956846
