times:
  edit-metadata: 1.5844049993902445
  landing: 0.058719923719763756
  view-data: 0.32797908410429955
