times:
  edit-metadata: 1.6516158785670996
  landing: 0.06705024465918541
  view-data: 0.3317706296220422
