times:
  edit-metadata: 1.6222604447975755
  landing: 0.06753308326005936
  view-data: 0.30191999301314354
