times:
  edit-metadata: 1.6046355329453945
  landing: 0.07085056602954865
  view-data: 0.3188517661765218
