times:
  edit-metadata: 1.6252813693135977
  landing: 0.06808929052203894
  view-data: 0.3133288426324725
