times:
  edit-metadata: 1.5892740152776241
  landing: 0.05975348502397537
  view-data: 0.32187698036432266
