times:
  edit-metadata: 1.6696165753528476
  landing: 0.059309168718755245
  view-data: 0.30891947355121374
