times:
  edit-metadata: 1.2290437556803226
  landing: 0.0644105700775981
  view-data: 0.3184052733704448
