times:
  edit-metadata: 1.2143441876396537
  landing: 0.06541563104838133
  view-data: 0.32529629580676556
