times:
  edit-metadata: 1.2021619770675898
  landing: 0.05797434411942959
  view-data: 0.31086267717182636
