times:
  edit-metadata: 1.2008490851148963
  landing: 0.058020297437906265
  view-data: 0.3189760623499751
