times:
  edit-metadata: 1.1884219646453857
  landing: 0.06836842093616724
  view-data: 0.3298739045858383
