times:
  edit-metadata: 1.186673229560256
  landing: 0.07283425983041525
  view-data: 0.3060328382998705
