times:
  edit-metadata: 1.221460954286158
  landing: 0.05828648712486029
  view-data: 0.3264229018241167
