times:
  edit-metadata: 1.2256775693967938
  landing: 0.07013562880456448
  view-data: 0.3334758235141635
