times:
  edit-metadata: 1.211831416003406
  landing: 0.05986657924950123
  view-data: 0.30907905753701925
