times:
  edit-metadata: 1.247441828250885
  landing: 0.07209631893783808
  view-data: 0.32140609435737133
