times:
  edit-metadata: 1.2354730488732457
  landing: 0.0666015762835741
  view-data: 0.3363175615668297
