times:
  edit-metadata: 1.3296116003766656
  landing: 0.06712557096034288
  view-data: 0.31101811677217484
