times:
  edit-metadata: 1.2842905521392822
  landing: 0.07156282477080822
  view-data: 0.45702491980046034
