times:
  edit-metadata: 1.2471216171979904
  landing: 0.05717083252966404
  view-data: 0.3174983402714133
