times:
  edit-metadata: 1.300315915606916
  landing: 0.06278619635850191
  view-data: 0.32252606470137835
