times:
  edit-metadata: 1.25817097350955
  landing: 0.06370123382657766
  view-data: 0.30152630992233753
