times:
  edit-metadata: 1.2945105032995343
  landing: 0.07189310155808926
  view-data: 0.3154533300548792
