times:
  edit-metadata: 1.2692533088847995
  landing: 0.07180400937795639
  view-data: 0.3110275398939848
