times:
  edit-metadata: 1.2734452299773693
  landing: 0.06609195098280907
  view-data: 0.32269744481891394
