times:
  edit-metadata: 1.265435753390193
  landing: 0.06840757373720407
  view-data: 0.3108322788029909
