times:
  edit-metadata: 1.2813037419691682
  landing: 0.06723924167454243
  view-data: 0.32410357892513275
