times:
  edit-metadata: 1.7045354107394814
  landing: 0.06424319557845592
  view-data: 0.3314894950017333
