times:
  edit-metadata: 1.6729273423552513
  landing: 0.06398983765393496
  view-data: 0.32688645739108324
