times:
  edit-metadata: 1.779100907035172
  landing: 0.06863532215356827
  view-data: 0.3358004381880164
