times:
  edit-metadata: 1.66401993855834
  landing: 0.06936787720769644
  view-data: 0.30422535724937916
