times:
  edit-metadata: 1.750124679878354
  landing: 0.06362725794315338
  view-data: 0.31922154314816
