times:
  edit-metadata: 1.643219718709588
  landing: 0.062618687748909
  view-data: 0.29933848790824413
