times:
  edit-metadata: 1.6630929624661803
  landing: 0.06813738960772753
  view-data: 0.33597514033317566
