times:
  edit-metadata: 2.8171684434637427
  landing: 0.0764969689771533
  view-data: 0.3186289742588997
