times:
  edit-metadata: 2.844124935567379
  landing: 0.054300461895763874
  view-data: 0.31724291387945414
