times:
  edit-metadata: 2.7679965756833553
  landing: 0.05309436097741127
  view-data: 0.3060893900692463
