times:
  edit-metadata: 2.860391404479742
  landing: 0.06853935401886702
  view-data: 0.3319855881854892
