times:
  edit-metadata: 2.8202562453225255
  landing: 0.062346103601157665
  view-data: 0.3287677224725485
