times:
  edit-metadata: 2.833051304332912
  landing: 0.06006721034646034
  view-data: 0.31461870577186346
