times:
  edit-metadata: 2.807240384630859
  landing: 0.05854075588285923
  view-data: 0.3146769292652607
