times:
  edit-metadata: 1.2196453213691711
  landing: 0.084122727625072
  view-data: 0.3302621329203248
