times:
  edit-metadata: 1.2335467468947172
  landing: 0.06935187336057425
  view-data: 0.3166246972978115
