times:
  edit-metadata: 1.223655748181045
  landing: 0.06891031470149755
  view-data: 0.31480241660028696
