times:
  edit-metadata: 1.2090972578153014
  landing: 0.05460044741630554
  view-data: 0.3392444308847189
