times:
  edit-metadata: 1.2950441362336278
  landing: 0.06547613628208637
  view-data: 0.347827878780663
