times:
  edit-metadata: 1.208334669470787
  landing: 0.0651380866765976
  view-data: 0.31559139396995306
