times:
  edit-metadata: 1.2836383767426014
  landing: 0.06425323616713285
  view-data: 0.3228273121640086
