times:
  edit-metadata: 1.2353121526539326
  landing: 0.060702186077833176
  view-data: 0.30678541213274
