times:
  edit-metadata: 1.265127094462514
  landing: 0.07031804043799639
  view-data: 0.3133535636588931
