times:
  edit-metadata: 1.2879643123596907
  landing: 0.06641114503145218
  view-data: 0.3184014316648245
