times:
  edit-metadata: 1.2598024560138583
  landing: 0.06091946084052324
  view-data: 0.32019253354519606
