times:
  edit-metadata: 1.2696716133505106
  landing: 0.06813402753323317
  view-data: 0.3331422256305814
