times:
  edit-metadata: 1.2696959488093853
  landing: 0.06640270166099072
  view-data: 0.33136157039552927
