times:
  edit-metadata: 1.194058520719409
  landing: 0.06008814927190542
  view-data: 0.31418230663985014
