times:
  edit-metadata: 1.2457747794687748
  landing: 0.05760656576603651
  view-data: 0.31807845924049616
