times:
  edit-metadata: 1.2672678483650088
  landing: 0.07110814098268747
  view-data: 0.31790455523878336
