times:
  edit-metadata: 1.2190894605591893
  landing: 0.05878917220979929
  view-data: 0.3368068467825651
