times:
  edit-metadata: 1.2434952072799206
  landing: 0.06399946846067905
  view-data: 0.3150388365611434
