times:
  edit-metadata: 1.2226429022848606
  landing: 0.06517998222261667
  view-data: 0.32036987133324146
