times:
  edit-metadata: 1.2284937631338835
  landing: 0.06248267460614443
  view-data: 0.3176001850515604
