times:
  edit-metadata: 1.1864639110863209
  landing: 0.06480362545698881
  view-data: 0.32526643481105566
