times:
  edit-metadata: 1.2177793253213167
  landing: 0.0703867394477129
  view-data: 0.33331223763525486
