times:
  edit-metadata: 1.2841401733458042
  landing: 0.0817388379946351
  view-data: 0.3131798403337598
