times:
  edit-metadata: 1.2193362275138497
  landing: 0.060650065541267395
  view-data: 0.319474077783525
