times:
  edit-metadata: 1.230750946328044
  landing: 0.07034255657345057
  view-data: 0.31101144570857286
