times:
  edit-metadata: 1.2492426726967096
  landing: 0.061640333384275436
  view-data: 0.3372645201161504
