times:
  edit-metadata: 1.2918517356738448
  landing: 0.06612962018698454
  view-data: 0.3129146657884121
