times:
  edit-metadata: 1.268292254768312
  landing: 0.0725323399528861
  view-data: 0.31779227405786514
