times:
  edit-metadata: 1.2652822816744447
  landing: 0.05223095417022705
  view-data: 0.31583914160728455
