times:
  edit-metadata: 1.2304980996996164
  landing: 0.0596058564260602
  view-data: 0.3348658047616482
