times:
  edit-metadata: 1.2046412350609899
  landing: 0.07709099259227514
  view-data: 0.30171988625079393
