times:
  edit-metadata: 1.28157327324152
  landing: 0.05340785812586546
  view-data: 0.32629320304840803
