times:
  edit-metadata: 1.5596579322591424
  landing: 0.07466671895235777
  view-data: 0.32830736227333546
