times:
  edit-metadata: 1.2281250264495611
  landing: 0.06357107497751713
  view-data: 0.3288067653775215
