times:
  edit-metadata: 1.2774236463010311
  landing: 0.06830831058323383
  view-data: 0.3291128082200885
