times:
  edit-metadata: 1.2911222912371159
  landing: 0.06935016252100468
  view-data: 0.332024160772562
