times:
  edit-metadata: 1.2743060421198606
  landing: 0.05935535207390785
  view-data: 0.31516744289547205
