times:
  edit-metadata: 1.3615387696772814
  landing: 0.06533196289092302
  view-data: 0.46351303812116385
