times:
  edit-metadata: 1.2869583731517196
  landing: 0.07119718473404646
  view-data: 0.33991629630327225
