times:
  edit-metadata: 1.3600819800049067
  landing: 0.07278705667704344
  view-data: 0.32606182247400284
