times:
  edit-metadata: 1.3275953782722354
  landing: 0.061619361862540245
  view-data: 0.3087543761357665
