times:
  edit-metadata: 1.2735623149201274
  landing: 0.06607282347977161
  view-data: 0.31915198918432
