times:
  edit-metadata: 1.2974817883223295
  landing: 0.0618900153785944
  view-data: 0.3199482122436166
