times:
  edit-metadata: 1.2834915732964873
  landing: 0.07126111350953579
  view-data: 0.3148090848699212
