times:
  edit-metadata: 1.2805781122297049
  landing: 0.06195556279271841
  view-data: 0.3181306766346097
