times:
  edit-metadata: 1.3054375182837248
  landing: 0.04791513551026583
  view-data: 0.3218245916068554
