times:
  edit-metadata: 1.303455294109881
  landing: 0.046003883704543114
  view-data: 0.31410163827240467
