times:
  edit-metadata: 1.3349221078678966
  landing: 0.052503989078104496
  view-data: 0.32575730234384537
