times:
  edit-metadata: 1.274564441293478
  landing: 0.06601381860673428
  view-data: 0.32000183407217264
