times:
  edit-metadata: 1.210796995088458
  landing: 0.06687275972217321
  view-data: 0.31549835950136185
