times:
  edit-metadata: 1.1226658411324024
  landing: 0.06117669492959976
  view-data: 0.32793048582971096
