times:
  edit-metadata: 1.1804584860801697
  landing: 0.0749817406758666
  view-data: 0.3280552811920643
