times:
  edit-metadata: 1.1220024609938264
  landing: 0.06165248900651932
  view-data: 0.31144186668097973
