times:
  edit-metadata: 1.170148503035307
  landing: 0.05579008162021637
  view-data: 0.31732629984617233
