times:
  edit-metadata: 1.1144419088959694
  landing: 0.07404824066907167
  view-data: 0.32601598370820284
