times:
  edit-metadata: 1.1367117743939161
  landing: 0.07146126218140125
  view-data: 0.31753114983439445
