times:
  edit-metadata: 1.1004807380959392
  landing: 0.06983720045536757
  view-data: 0.31483379751443863
