times:
  edit-metadata: 1.1332590524107218
  landing: 0.07957642339169979
  view-data: 0.32017585821449757
