times:
  edit-metadata: 1.139521655626595
  landing: 0.07277440000325441
  view-data: 0.3368687219917774
