times:
  edit-metadata: 1.137103815563023
  landing: 0.06724455580115318
  view-data: 0.3274435931816697
