times:
  edit-metadata: 1.1701580611988902
  landing: 0.060625805519521236
  view-data: 0.36846968717873096
