times:
  edit-metadata: 1.1325965886935592
  landing: 0.06284506060183048
  view-data: 0.3225337816402316
