times:
  edit-metadata: 1.1412112666293979
  landing: 0.07788396906107664
  view-data: 0.3390748454257846
