times:
  edit-metadata: 1.3749658521264791
  landing: 0.07360159512609243
  view-data: 0.3262378629297018
