times:
  edit-metadata: 1.350016943179071
  landing: 0.07617883197963238
  view-data: 0.3207226349040866
