times:
  edit-metadata: 1.3557388354092836
  landing: 0.0655647274106741
  view-data: 0.3167011942714453
