times:
  edit-metadata: 1.3843602994456887
  landing: 0.06735898368060589
  view-data: 0.3117294814437628
