times:
  edit-metadata: 1.4658126030117273
  landing: 0.0746408998966217
  view-data: 0.3177962712943554
