times:
  edit-metadata: 1.4729007296264172
  landing: 0.0635122274979949
  view-data: 0.29844066966325045
