times:
  edit-metadata: 1.3984434800222516
  landing: 0.06698185857385397
  view-data: 0.3120191926136613
