times:
  edit-metadata: 1.8162527168169618
  landing: 0.06575001776218414
  view-data: 0.3116553435102105
