times:
  edit-metadata: 2.0182367227971554
  landing: 0.08098203968256712
  view-data: 0.32044463604688644
