times:
  edit-metadata: 1.4634712729603052
  landing: 0.06254218611866236
  view-data: 0.32893627788871527
