times:
  edit-metadata: 1.3088399963453412
  landing: 0.06570954900234938
  view-data: 0.3004580233246088
