times:
  edit-metadata: 1.8119715275242925
  landing: 0.054943615570664406
  view-data: 0.32042425870895386
