times:
  edit-metadata: 1.3516018809750676
  landing: 0.07520465739071369
  view-data: 0.30890688579529524
