times:
  edit-metadata: 1.904584713280201
  landing: 0.06986332312226295
  view-data: 0.3187352577224374
