times:
  edit-metadata: 1.8174502803012729
  landing: 0.060304087586700916
  view-data: 0.3278720024973154
