times:
  edit-metadata: 1.811816880479455
  landing: 0.06701619364321232
  view-data: 0.3152470635250211
