times:
  edit-metadata: 1.8296044990420341
  landing: 0.046537124551832676
  view-data: 0.32248069252818823
