times:
  edit-metadata: 1.8532903315499425
  landing: 0.07283566705882549
  view-data: 0.31643851939588785
