times:
  edit-metadata: 1.8423628853634
  landing: 0.07466242276132107
  view-data: 0.32429608050733805
