times:
  edit-metadata: 1.8405174100771546
  landing: 0.09071102924644947
  view-data: 0.32291353587061167
