times:
  edit-metadata: 2.3763369349762797
  landing: 0.07115442957729101
  view-data: 0.33330300357192755
