times:
  edit-metadata: 2.3594578951597214
  landing: 0.05331091582775116
  view-data: 0.3179352814331651
