times:
  edit-metadata: 2.3289645174518228
  landing: 0.06994016841053963
  view-data: 0.31999250035732985
