times:
  edit-metadata: 2.2928340388461947
  landing: 0.0657907398417592
  view-data: 0.3132337834686041
