times:
  edit-metadata: 2.3858750853687525
  landing: 0.0663318382576108
  view-data: 0.3165866853669286
