times:
  edit-metadata: 2.3734820829704404
  landing: 0.06829847022891045
  view-data: 0.3127354569733143
