times:
  edit-metadata: 2.362542361021042
  landing: 0.06615638174116611
  view-data: 0.31232300214469433
