times:
  edit-metadata: 1.2851549470797181
  landing: 0.0638754079118371
  view-data: 0.3175762202590704
