times:
  edit-metadata: 1.2986086579039693
  landing: 0.06179063208401203
  view-data: 0.32197299506515265
