times:
  edit-metadata: 1.2784730112180114
  landing: 0.07601507846266031
  view-data: 0.31983164697885513
