times:
  edit-metadata: 1.2828995157033205
  landing: 0.06458738632500172
  view-data: 0.30660138092935085
