times:
  edit-metadata: 1.2837302591651678
  landing: 0.05731998011469841
  view-data: 0.31842254661023617
