times:
  edit-metadata: 1.3127876063808799
  landing: 0.04480546806007624
  view-data: 0.30875345692038536
