times:
  edit-metadata: 1.2958029182627797
  landing: 0.060645305551588535
  view-data: 0.3117679040879011
