times:
  edit-metadata: 2.066066096536815
  landing: 0.06046362966299057
  view-data: 0.3319029463455081
