times:
  edit-metadata: 2.067465272732079
  landing: 0.06201594602316618
  view-data: 0.3183188484981656
