times:
  edit-metadata: 2.047698199748993
  landing: 0.0633084736764431
  view-data: 0.32176059670746326
