times:
  edit-metadata: 2.065677920356393
  landing: 0.06262495741248131
  view-data: 0.31507388409227133
