times:
  edit-metadata: 2.080882340669632
  landing: 0.0737901646643877
  view-data: 0.3091045618057251
