times:
  edit-metadata: 2.0361264208331704
  landing: 0.06577902473509312
  view-data: 0.3164087776094675
