times:
  edit-metadata: 1.9851427739486098
  landing: 0.060655370354652405
  view-data: 0.3329985523596406
