times:
  edit-metadata: 1.4495183127000928
  landing: 0.06142990943044424
  view-data: 0.34689806029200554
