times:
  edit-metadata: 1.5067726001143456
  landing: 0.06589055433869362
  view-data: 0.3194456063210964
