times:
  edit-metadata: 1.490494329482317
  landing: 0.059249660931527615
  view-data: 0.3136741956695914
