times:
  edit-metadata: 1.503227966837585
  landing: 0.06219644472002983
  view-data: 0.3107333602383733
