times:
  edit-metadata: 1.4478386025875807
  landing: 0.07615739107131958
  view-data: 0.32825434394180775
