times:
  edit-metadata: 1.4655780317261815
  landing: 0.07352699898183346
  view-data: 0.33656658325344324
