times:
  edit-metadata: 1.438867456279695
  landing: 0.04560415633022785
  view-data: 0.32281301356852055
