times:
  edit-metadata: 1.238658127374947
  landing: 0.07522018812596798
  view-data: 0.3193164775148034
