times:
  edit-metadata: 1.2617069957777858
  landing: 0.08035038132220507
  view-data: 0.3266944885253906
