times:
  edit-metadata: 1.2414043052121997
  landing: 0.07596645690500736
  view-data: 0.3270967183634639
