times:
  edit-metadata: 1.2748850341886282
  landing: 0.06490514893084764
  view-data: 0.3406897149980068
