times:
  edit-metadata: 1.2848146595060825
  landing: 0.044580613262951374
  view-data: 0.32975906506180763
