times:
  edit-metadata: 1.3191472422331572
  landing: 0.06604305747896433
  view-data: 0.34105451591312885
