times:
  edit-metadata: 1.2250133557245135
  landing: 0.060313657857477665
  view-data: 0.31174803990870714
