times:
  edit-metadata: 1.267874587327242
  landing: 0.06835587974637747
  view-data: 0.33290182519704103
