times:
  edit-metadata: 1.202827986329794
  landing: 0.06989037524908781
  view-data: 0.3190335491672158
