times:
  edit-metadata: 1.314828789792955
  landing: 0.06271205563098192
  view-data: 0.34615394845604897
