times:
  edit-metadata: 1.2154166577383876
  landing: 0.06912788469344378
  view-data: 0.3185822023078799
