times:
  edit-metadata: 1.3001764146611094
  landing: 0.07238706201314926
  view-data: 0.34840882383286953
