times:
  edit-metadata: 1.2835397282615304
  landing: 0.06238271947950125
  view-data: 0.3136882418766618
