times:
  edit-metadata: 1.2176126465201378
  landing: 0.07209021504968405
  view-data: 0.3305637380108237
