times:
  edit-metadata: 1.233553328551352
  landing: 0.0666459035128355
  view-data: 0.32954431511461735
