times:
  edit-metadata: 1.2434795554727316
  landing: 0.05645041633397341
  view-data: 0.3190770838409662
