times:
  edit-metadata: 1.4011469725519419
  landing: 0.07178166322410107
  view-data: 0.3451098334044218
