times:
  edit-metadata: 1.2140067964792252
  landing: 0.062026141211390495
  view-data: 0.3339227680116892
