times:
  edit-metadata: 1.2203016383573413
  landing: 0.06130783259868622
  view-data: 0.3197036636993289
