times:
  edit-metadata: 1.2187179308384657
  landing: 0.06720572803169489
  view-data: 0.30896315816789865
