times:
  edit-metadata: 1.3015116844326258
  landing: 0.06415272504091263
  view-data: 0.32181423250585794
