times:
  edit-metadata: 1.846899607218802
  landing: 0.07215957809239626
  view-data: 0.32802677992731333
