times:
  edit-metadata: 1.9623477524146438
  landing: 0.07197545561939478
  view-data: 0.3278716569766402
