times:
  edit-metadata: 1.89334274828434
  landing: 0.06164212431758642
  view-data: 0.32061889953911304
