times:
  edit-metadata: 1.8828703798353672
  landing: 0.06760544143617153
  view-data: 0.3185167061164975
