times:
  edit-metadata: 1.874255383387208
  landing: 0.07187310233712196
  view-data: 0.31931686867028475
