times:
  edit-metadata: 1.944308784790337
  landing: 0.07549228798598051
  view-data: 0.31291234865784645
