times:
  edit-metadata: 1.942303093150258
  landing: 0.07092877384275198
  view-data: 0.3315031323581934
