times:
  edit-metadata: 1.145415031351149
  landing: 0.06953255739063025
  view-data: 0.31923715956509113
