times:
  edit-metadata: 1.161388679407537
  landing: 0.057341896928846836
  view-data: 0.3411811366677284
