times:
  edit-metadata: 1.2591483546420932
  landing: 0.0712991263717413
  view-data: 0.3440642235800624
