times:
  edit-metadata: 1.1463318299502134
  landing: 0.07157070748507977
  view-data: 0.3302440792322159
