times:
  edit-metadata: 1.2187494290992618
  landing: 0.06373829022049904
  view-data: 0.32240149192512035
