times:
  edit-metadata: 1.1453355513513088
  landing: 0.06872541457414627
  view-data: 0.3243863759562373
