times:
  edit-metadata: 1.254805608652532
  landing: 0.062459574081003666
  view-data: 0.3362664319574833
