times:
  edit-metadata: 1.1474143164232373
  landing: 0.07181977014988661
  view-data: 0.3253798224031925
