times:
  edit-metadata: 1.1811792505905032
  landing: 0.06572209112346172
  view-data: 0.3240846339613199
