times:
  edit-metadata: 1.2039379803463817
  landing: 0.0540104191750288
  view-data: 0.3330576391890645
