times:
  edit-metadata: 1.1747778840363026
  landing: 0.07126088906079531
  view-data: 0.3372226217761636
