times:
  edit-metadata: 1.1607408868148923
  landing: 0.06243360787630081
  view-data: 0.3235026113688946
