times:
  edit-metadata: 1.1401467630639672
  landing: 0.062287609092891216
  view-data: 0.44151611626148224
