times:
  edit-metadata: 1.145278051495552
  landing: 0.07748884428292513
  view-data: 0.3154896264895797
