times:
  edit-metadata: 1.3247867720201612
  landing: 0.06084313429892063
  view-data: 0.31574368569999933
