times:
  edit-metadata: 1.3658152557909489
  landing: 0.06905012484639883
  view-data: 0.32111429516226053
