times:
  edit-metadata: 1.3509534308686852
  landing: 0.044436411932110786
  view-data: 0.3127140495926142
