times:
  edit-metadata: 1.3848970402032137
  landing: 0.06155045051127672
  view-data: 0.32707628700882196
