times:
  edit-metadata: 1.3419367345049977
  landing: 0.0638801185414195
  view-data: 0.31154627073556185
