times:
  edit-metadata: 1.38209876883775
  landing: 0.07042790297418833
  view-data: 0.3260728167369962
