times:
  edit-metadata: 1.3798486767336726
  landing: 0.06876342929899693
  view-data: 0.33856724947690964
