times:
  edit-metadata: 1.548257221467793
  landing: 0.06731199007481337
  view-data: 0.34476099722087383
