times:
  edit-metadata: 1.5182411996647716
  landing: 0.06659373547881842
  view-data: 0.336495247669518
