times:
  edit-metadata: 1.5363523662090302
  landing: 0.07231056038290262
  view-data: 0.3216089801862836
