times:
  edit-metadata: 1.5552962720394135
  landing: 0.06281114183366299
  view-data: 0.3366236547008157
