times:
  edit-metadata: 1.489145826548338
  landing: 0.06095060147345066
  view-data: 0.3161264071241021
