times:
  edit-metadata: 1.4870574157685041
  landing: 0.0786757180467248
  view-data: 0.3308676201850176
