times:
  edit-metadata: 1.5137527976185083
  landing: 0.06686829030513763
  view-data: 0.30676949582993984
