times:
  edit-metadata: 1.236055126413703
  landing: 0.07709159702062607
  view-data: 0.30594171583652496
