times:
  edit-metadata: 1.2241330724209547
  landing: 0.07487408071756363
  view-data: 0.29761804174631834
