times:
  edit-metadata: 1.2463977094739676
  landing: 0.07192492857575417
  view-data: 0.32091798540204763
