times:
  edit-metadata: 1.3156418334692717
  landing: 0.07425627950578928
  view-data: 0.33314892277121544
