times:
  edit-metadata: 1.273864389397204
  landing: 0.06103284191340208
  view-data: 0.3236539261415601
