times:
  edit-metadata: 1.2323276465758681
  landing: 0.06501357536762953
  view-data: 0.3192881513386965
