times:
  edit-metadata: 1.234229895286262
  landing: 0.06042542215436697
  view-data: 0.31992190703749657
