times:
  edit-metadata: 1.2801315868273377
  landing: 0.06553300842642784
  view-data: 0.302609508857131
