times:
  edit-metadata: 1.3039375562220812
  landing: 0.07317554578185081
  view-data: 0.3207717128098011
