times:
  edit-metadata: 1.323071176186204
  landing: 0.060553464107215405
  view-data: 0.32479257229715586
