times:
  edit-metadata: 1.3077821070328355
  landing: 0.04359196498990059
  view-data: 0.34301856625825167
