times:
  edit-metadata: 1.2980347760021687
  landing: 0.06302144564688206
  view-data: 0.3430968066677451
