times:
  edit-metadata: 1.2585549727082253
  landing: 0.062106103636324406
  view-data: 0.3276792885735631
