times:
  edit-metadata: 1.2783781616017222
  landing: 0.05692638549953699
  view-data: 0.33664572704583406
